13,0.999999881,0.000288707,0.000407391,-0.034179896,-0.000288422,0.999999702,-0.000700135,0.000892173,-0.000407593,0.000700018,0.999999642,-0.001701025,
14,0.999999821,0.000338847,0.000466858,-0.042108238,-0.000338537,0.999999702,-0.000664441,0.000843639,-0.000467083,0.000664283,0.999999642,-0.001601951,
15,0.999999762,0.000412512,0.000590438,-0.045407314,-0.000412161,0.999999762,-0.000594019,0.000773366,-0.000590682,0.000593775,0.999999642,-0.001602864,
16,0.999999642,0.000557607,0.000600141,-0.049799237,-0.000557243,0.999999642,-0.000606362,0.000748421,-0.000600479,0.000606028,0.999999642,-0.001831946,
17,0.999999762,0.000315204,0.000624951,-0.057718597,-0.000314788,0.999999702,-0.000665509,0.000798183,-0.000625161,0.000665312,0.999999583,-0.001698579,
18,0.999999702,0.000321105,0.000720404,-0.061263982,-0.000320637,0.999999762,-0.000649928,0.000850303,-0.000720613,0.000649697,0.999999523,-0.001844638,
19,0.999999464,0.000484319,0.000929991,-0.066159658,-0.000483526,0.999999523,-0.000853079,0.001255764,-0.000930403,0.000852629,0.999999225,-0.001462206,
20,0.999999404,0.000355491,0.001021841,-0.069938958,-0.000354794,0.999999702,-0.000681660,0.001150440,-0.001022083,0.000681297,0.999999225,-0.002087236,
21,0.999999404,0.000357696,0.001030787,-0.078430824,-0.000356926,0.999999642,-0.000747132,0.001520952,-0.001031054,0.000746764,0.999999166,-0.002006011,
22,0.999999166,0.000220691,0.001261825,-0.082593538,-0.000219536,0.999999583,-0.000915507,0.001729436,-0.001262026,0.000915229,0.999998808,-0.001511983,
23,0.999998927,0.000308820,0.001424112,-0.091822401,-0.000307350,0.999999404,-0.001031962,0.002013864,-0.001424430,0.001031523,0.999998450,-0.001522433,
24,0.999998510,0.000153745,0.001717585,-0.096203566,-0.000152110,0.999999523,-0.000951646,0.001992607,-0.001717730,0.000951383,0.999998093,-0.001756326,
25,0.999998510,0.000160860,0.001723347,-0.101582319,-0.000159198,0.999999523,-0.000964659,0.002044694,-0.001723501,0.000964383,0.999998033,-0.001843765,
26,0.999997854,0.000176538,0.002050928,-0.111629859,-0.000174836,0.999999642,-0.000829817,0.002046118,-0.002051074,0.000829457,0.999997556,-0.002551053,
27,0.999997735,0.000057708,0.002131668,-0.119840764,-0.000056299,0.999999762,-0.000661406,0.002043573,-0.002131706,0.000661285,0.999997497,-0.003940279,
28,0.999997079,-0.000049910,0.002419372,-0.130208701,0.000051366,0.999999821,-0.000601532,0.002171959,-0.002419341,0.000601654,0.999996901,-0.004203534,
29,0.999996483,-0.000075328,0.002643082,-0.130606249,0.000077099,0.999999762,-0.000669835,0.002233090,-0.002643030,0.000670037,0.999996305,-0.004030992,
30,0.999996305,-0.000030951,0.002708145,-0.135464847,0.000033099,0.999999702,-0.000793095,0.002363129,-0.002708120,0.000793182,0.999996006,-0.004070342,
31,0.999996006,0.000016514,0.002823789,-0.142986760,-0.000014198,0.999999642,-0.000820393,0.002611533,-0.002823801,0.000820350,0.999995649,-0.004772835,
32,0.999995708,-0.000185626,0.002919955,-0.148926675,0.000188152,0.999999583,-0.000864720,0.002816038,-0.002919793,0.000865265,0.999995351,-0.005749533,
33,0.999995232,-0.000211546,0.003074916,-0.149145007,0.000213709,0.999999702,-0.000703314,0.002638116,-0.003074766,0.000703968,0.999995053,-0.006295809,
34,0.999995887,-0.000625838,0.002790985,-0.153033659,0.000627451,0.999999642,-0.000576937,0.002763887,-0.002790623,0.000578686,0.999995947,-0.006729218,
35,0.999996245,-0.000721597,0.002654940,-0.154347777,0.000722853,0.999999642,-0.000472090,0.002669182,-0.002654599,0.000474008,0.999996364,-0.006634535,
36,0.999994159,-0.000957114,0.003274319,-0.156769618,0.000959119,0.999999344,-0.000611035,0.002734502,-0.003273733,0.000614172,0.999994457,-0.006354033,
37,0.999993980,-0.000824846,0.003365459,-0.158545300,0.000827058,0.999999464,-0.000656092,0.002817063,-0.003364916,0.000658872,0.999994099,-0.006310215,
38,0.999993980,-0.000978325,0.003329878,-0.159511045,0.000980624,0.999999285,-0.000688770,0.002852116,-0.003329201,0.000692032,0.999994218,-0.005842164,
39,0.999993205,-0.001050581,0.003538084,-0.160425961,0.001053074,0.999999225,-0.000702710,0.002886649,-0.003537343,0.000706431,0.999993503,-0.005773131,
40,0.999993145,-0.000985395,0.003572610,-0.161807552,0.000988438,0.999999166,-0.000850054,0.003056095,-0.003571770,0.000853579,0.999993265,-0.005205944,
41,0.999993026,-0.001074778,0.003580125,-0.162431017,0.001077452,0.999999166,-0.000745001,0.002952280,-0.003579321,0.000748854,0.999993324,-0.005077240,
42,0.999992788,-0.000792872,0.003711180,-0.163129464,0.000795888,0.999999344,-0.000811230,0.003085020,-0.003710535,0.000814178,0.999992788,-0.004819639,
43,0.999992788,-0.001133612,0.003629064,-0.164022371,0.001136188,0.999999106,-0.000707791,0.003049581,-0.003628258,0.000711909,0.999993145,-0.004602360,
44,0.999992669,-0.001085778,0.003673464,-0.164559618,0.001088410,0.999999166,-0.000714746,0.003094505,-0.003672685,0.000718739,0.999993026,-0.004654746,
45,0.999992311,-0.001153767,0.003754069,-0.165507779,0.001156821,0.999998987,-0.000811509,0.003311246,-0.003753129,0.000815845,0.999992609,-0.004110578,
46,0.999992073,-0.000892262,0.003875474,-0.166333959,0.000895337,0.999999285,-0.000791848,0.003303808,-0.003874765,0.000795311,0.999992192,-0.003988115,
47,0.999991655,-0.000979248,0.003967457,-0.166999102,0.000982274,0.999999225,-0.000760867,0.003248192,-0.003966708,0.000764758,0.999991834,-0.003873155,
48,0.999991477,-0.001023553,0.003997332,-0.168497056,0.001026697,0.999999166,-0.000784638,0.003208803,-0.003996525,0.000788735,0.999991715,-0.003576585,
49,0.999991417,-0.001038205,0.004012630,-0.169092953,0.001041498,0.999999106,-0.000818567,0.003225916,-0.004011777,0.000822740,0.999991596,-0.003645509,
50,0.999991357,-0.000996976,0.004039534,-0.170426965,0.001000082,0.999999225,-0.000767167,0.003242939,-0.004038766,0.000771200,0.999991536,-0.003499265,
51,0.999991179,-0.001138111,0.004041579,-0.171849057,0.001140985,0.999999106,-0.000709099,0.003142737,-0.004040768,0.000713705,0.999991596,-0.003598742,
52,0.999990582,-0.001184417,0.004174862,-0.173408717,0.001188132,0.999998927,-0.000887506,0.003308736,-0.004173806,0.000892458,0.999990880,-0.003212253,
53,0.999990582,-0.001176413,0.004177482,-0.173407972,0.001180125,0.999998927,-0.000886246,0.003307848,-0.004176435,0.000891168,0.999990880,-0.003207348,
54,0.999990046,-0.001078144,0.004333333,-0.174142435,0.001082033,0.999998987,-0.000895251,0.003308122,-0.004332364,0.000899931,0.999990225,-0.003410041,
55,0.999989510,-0.001346824,0.004382484,-0.175449669,0.001351001,0.999998629,-0.000950287,0.003370700,-0.004381198,0.000956198,0.999989927,-0.003031719,
56,0.999989510,-0.001163751,0.004425433,-0.176363483,0.001167721,0.999998927,-0.000894766,0.003325710,-0.004424387,0.000899924,0.999989808,-0.002980961,
57,0.999989510,-0.001458107,0.004337131,-0.176821187,0.001462158,0.999998510,-0.000931095,0.003319965,-0.004335767,0.000937427,0.999990165,-0.003099159,
58,0.999988914,-0.001207770,0.004552769,-0.178302184,0.001212201,0.999998808,-0.000970584,0.003465185,-0.004551591,0.000976092,0.999989152,-0.002567639,
59,0.999989271,-0.001364943,0.004421843,-0.179019541,0.001369170,0.999998629,-0.000953170,0.003466475,-0.004420536,0.000959214,0.999989748,-0.002500181,
60,0.999988317,-0.001430315,0.004614890,-0.180933774,0.001434603,0.999998569,-0.000926039,0.003532392,-0.004613558,0.000932648,0.999988914,-0.002520122,
61,0.999988198,-0.001492425,0.004618840,-0.183010191,0.001497170,0.999998331,-0.001024128,0.003676434,-0.004617304,0.001031031,0.999988794,-0.001850735,
62,0.999986649,-0.001402704,0.004972794,-0.183677599,0.001407851,0.999998450,-0.001031691,0.003718767,-0.004971339,0.001038678,0.999987125,-0.001680545,
63,0.999986410,-0.001404793,0.005016454,-0.184789568,0.001409481,0.999998569,-0.000931118,0.003652379,-0.005015139,0.000938176,0.999987006,-0.001694444,
64,0.999985576,-0.001326993,0.005209600,-0.187573671,0.001331914,0.999998689,-0.000941197,0.003717253,-0.005208344,0.000948122,0.999985993,-0.001415115,
65,0.999985456,-0.001459727,0.005194960,-0.190348521,0.001464763,0.999998450,-0.000965697,0.003875774,-0.005193542,0.000973292,0.999986053,-0.001235643,
66,0.999984801,-0.001160908,0.005394204,-0.193572149,0.001165211,0.999998987,-0.000794672,0.003755295,-0.005393276,0.000800945,0.999985158,-0.001186724,
67,0.999984801,-0.001143300,0.005395671,-0.193574145,0.001147646,0.999999046,-0.000802418,0.003772186,-0.005394748,0.000808598,0.999985099,-0.001114809,
68,0.999984324,-0.001174142,0.005469676,-0.195312038,0.001179029,0.999998927,-0.000890334,0.003789732,-0.005468625,0.000896769,0.999984622,-0.000729077,
69,0.999983191,-0.001031287,0.005704811,-0.200272694,0.001035628,0.999999166,-0.000758123,0.003567821,-0.005704024,0.000764018,0.999983430,-0.000721235,
70,0.999983549,-0.000998080,0.005651033,-0.203536406,0.001002461,0.999999225,-0.000772422,0.003558667,-0.005650257,0.000778074,0.999983728,-0.000257159,
71,0.999981701,-0.001099905,0.005944445,-0.207379356,0.001105269,0.999998987,-0.000899119,0.003690210,-0.005943450,0.000905673,0.999981940,0.000694713,
72,0.999981761,-0.001133562,0.005930806,-0.207364857,0.001138842,0.999998987,-0.000886924,0.003671820,-0.005929794,0.000893662,0.999981999,0.000696854,
73,0.999980688,-0.001263612,0.006085288,-0.209913775,0.001269297,0.999998748,-0.000930472,0.003649899,-0.006084105,0.000938178,0.999981046,0.001183396,
74,0.999980509,-0.001129692,0.006135589,-0.213199347,0.001134975,0.999998987,-0.000857551,0.003541214,-0.006134614,0.000864499,0.999980807,0.001344579,
75,0.999978065,-0.001507892,0.006445187,-0.214924037,0.001514427,0.999998331,-0.001009220,0.003609837,-0.006443654,0.001018959,0.999978721,0.002006807,
76,0.999978244,-0.001301603,0.006463867,-0.216554597,0.001308229,0.999998629,-0.001020983,0.003681853,-0.006462529,0.001029417,0.999978602,0.002069504,
77,0.999977708,-0.001433881,0.006523909,-0.219076470,0.001440884,0.999998391,-0.001068746,0.003671190,-0.006522366,0.001078122,0.999978125,0.002606541,
78,0.999977887,-0.001108409,0.006556900,-0.221127018,0.001114847,0.999998927,-0.000978310,0.003559754,-0.006555808,0.000985599,0.999978006,0.002642435,
79,0.999976456,-0.001594393,0.006672118,-0.222754419,0.001601024,0.999998212,-0.000988636,0.003429153,-0.006670530,0.000999295,0.999977231,0.003071312,
80,0.999976039,-0.001568110,0.006739691,-0.225659713,0.001574695,0.999998271,-0.000971960,0.003412533,-0.006738155,0.000982550,0.999976814,0.003476980,
81,0.999975920,-0.001441203,0.006788894,-0.226857319,0.001447684,0.999998510,-0.000949801,0.003378152,-0.006787515,0.000959607,0.999976516,0.003428547,
82,0.999975264,-0.001591533,0.006852870,-0.229803190,0.001597453,0.999998331,-0.000858519,0.003158581,-0.006851492,0.000869445,0.999976158,0.003937277,
83,0.999974310,-0.001510179,0.007004499,-0.231164753,0.001516548,0.999998450,-0.000904126,0.003185481,-0.007003122,0.000914726,0.999975085,0.003850568,
84,0.999973714,-0.001614141,0.007066383,-0.232659847,0.001620680,0.999998271,-0.000919785,0.003193829,-0.007064885,0.000931213,0.999974608,0.003993923,
85,0.999973774,-0.001676178,0.007043868,-0.234812856,0.001682846,0.999998152,-0.000940845,0.003239175,-0.007042278,0.000952674,0.999974728,0.004175621,
86,0.999973655,-0.001755715,0.007040137,-0.236001551,0.001762376,0.999998033,-0.000940038,0.003238784,-0.007038473,0.000952420,0.999974787,0.004511294,
87,0.999971509,-0.001793559,0.007332258,-0.239122003,0.001800310,0.999997973,-0.000914255,0.003220487,-0.007330604,0.000927429,0.999972701,0.004580019,
88,0.999971867,-0.001915221,0.007253547,-0.240258589,0.001921597,0.999997795,-0.000872272,0.003149648,-0.007251860,0.000886186,0.999973297,0.004916002,
89,0.999970853,-0.001895195,0.007393274,-0.241371125,0.001901724,0.999997795,-0.000876160,0.003155050,-0.007391597,0.000890194,0.999972284,0.005030090,
90,0.999970138,-0.001797207,0.007516710,-0.244110018,0.001804163,0.999997973,-0.000918621,0.003204325,-0.007515044,0.000932155,0.999971330,0.005559764,
91,0.999970138,-0.001962296,0.007478666,-0.245015606,0.001969033,0.999997675,-0.000893590,0.003151412,-0.007476895,0.000908289,0.999971628,0.005782409,
92,0.999967933,-0.001973946,0.007764445,-0.248235837,0.001981345,0.999997616,-0.000945410,0.003136902,-0.007762560,0.000960764,0.999969423,0.006114080,
93,0.999968112,-0.001957923,0.007740803,-0.249301985,0.001965621,0.999997556,-0.000987020,0.003182499,-0.007738851,0.001002204,0.999969542,0.006441575,
94,0.999967158,-0.001742074,0.007914552,-0.251182169,0.001750525,0.999997914,-0.001061063,0.003232646,-0.007912688,0.001074883,0.999968112,0.007162049,
95,0.999966502,-0.001889967,0.007966257,-0.253846645,0.001897456,0.999997795,-0.000932625,0.003036287,-0.007964476,0.000947710,0.999967813,0.007165923,
96,0.999966443,-0.001966266,0.007950236,-0.255153060,0.001975070,0.999997437,-0.001099596,0.003163459,-0.007948053,0.001115262,0.999967813,0.007930710,
97,0.999966264,-0.002009726,0.007963223,-0.256108731,0.002018338,0.999997377,-0.001073615,0.003122653,-0.007961044,0.001089651,0.999967694,0.007928666,
98,0.999965310,-0.001926757,0.008104122,-0.258561194,0.001935479,0.999997556,-0.001068480,0.003015517,-0.008102044,0.001084129,0.999966562,0.008160167,
99,0.999965429,-0.002161040,0.008026507,-0.259774208,0.002169528,0.999997079,-0.001048972,0.002898876,-0.008024217,0.001066349,0.999967217,0.008181996,
100,0.999965310,-0.001911859,0.008103368,-0.262655586,0.001920912,0.999997556,-0.001109450,0.003101734,-0.008101227,0.001124977,0.999966562,0.008043672,
101,0.999963403,-0.001878364,0.008346918,-0.264426857,0.001887755,0.999997616,-0.001117402,0.003134309,-0.008344799,0.001133118,0.999964535,0.008106330,
102,0.999962032,-0.001855768,0.008516240,-0.266881555,0.001865239,0.999997675,-0.001104277,0.003121469,-0.008514171,0.001120120,0.999963105,0.007955709,
103,0.999962389,-0.001610385,0.008521156,-0.270602286,0.001620101,0.999998033,-0.001133436,0.003325716,-0.008519314,0.001147199,0.999963045,0.008158895,
104,0.999963045,-0.001499336,0.008468711,-0.272198290,0.001509450,0.999998152,-0.001188078,0.003456055,-0.008466914,0.001200817,0.999963462,0.008297490,
105,0.999961436,-0.001748369,0.008604099,-0.275467873,0.001757797,0.999997854,-0.001088231,0.003269207,-0.008602178,0.001103313,0.999962389,0.008227183,
106,0.999961615,-0.001386830,0.008648493,-0.277548939,0.001397014,0.999998331,-0.001171559,0.003480301,-0.008646854,0.001183597,0.999961913,0.008334743,
107,0.999960780,-0.001686348,0.008693708,-0.281524777,0.001696254,0.999997914,-0.001132167,0.003618908,-0.008691780,0.001146870,0.999961555,0.008425456,
108,0.999960303,-0.001728838,0.008740653,-0.283017159,0.001739533,0.999997735,-0.001216099,0.003814874,-0.008738531,0.001231255,0.999961078,0.008571223,
109,0.999960363,-0.001549517,0.008766653,-0.284142375,0.001560665,0.999997973,-0.001264924,0.004016397,-0.008764675,0.001278556,0.999960780,0.008794746,
110,0.999958038,-0.001725251,0.008998694,-0.288374215,0.001736216,0.999997735,-0.001210847,0.004274453,-0.008996584,0.001226420,0.999958754,0.008993596,
111,0.999956608,-0.001731371,0.009155964,-0.291749358,0.001745085,0.999997377,-0.001490009,0.004856020,-0.009153360,0.001505922,0.999956965,0.009896652,
112,0.999956131,-0.001568403,0.009234604,-0.296046168,0.001582352,0.999997616,-0.001503374,0.004943426,-0.009232224,0.001517921,0.999956250,0.010256737,
113,0.999953806,-0.001489903,0.009496877,-0.296495050,0.001504006,0.999997795,-0.001477993,0.004936446,-0.009494654,0.001492208,0.999953806,0.010170545,
114,0.999953270,-0.001554997,0.009538893,-0.298437744,0.001569674,0.999997616,-0.001531304,0.004918703,-0.009536489,0.001546206,0.999953330,0.010450715,
115,0.999952793,-0.001646701,0.009577740,-0.301184058,0.001661705,0.999997377,-0.001558837,0.004913678,-0.009575148,0.001574679,0.999952912,0.010716247,
116,0.999953747,-0.001846546,0.009441416,-0.302315146,0.001861664,0.999997020,-0.001592733,0.004977969,-0.009438447,0.001610236,0.999954164,0.010906344,
117,0.999952972,-0.001720009,0.009546892,-0.304235548,0.001734913,0.999997318,-0.001553018,0.005016116,-0.009544195,0.001569508,0.999953210,0.010944386,
118,0.999951899,-0.001760022,0.009646411,-0.307247281,0.001775294,0.999997199,-0.001574816,0.005082530,-0.009643611,0.001591866,0.999952257,0.011155292,
119,0.999951959,-0.001886114,0.009617794,-0.308573604,0.001901284,0.999996960,-0.001568351,0.005028484,-0.009614807,0.001586562,0.999952495,0.011221715,
120,0.999949872,-0.001684307,0.009871928,-0.311303705,0.001698958,0.999997497,-0.001475982,0.005051587,-0.009869417,0.001492680,0.999950171,0.010742408,
121,0.999949992,-0.001673494,0.009861760,-0.311986446,0.001687815,0.999997556,-0.001444004,0.005033824,-0.009859319,0.001460576,0.999950349,0.010442164,
122,0.999950707,-0.001947937,0.009734370,-0.313994467,0.001962254,0.999997020,-0.001461456,0.004946551,-0.009731493,0.001480485,0.999951541,0.010422084,
123,0.999949455,-0.001680457,0.009910007,-0.315343410,0.001694309,0.999997616,-0.001389471,0.004819624,-0.009907648,0.001406192,0.999949932,0.010329747,
124,0.999948263,-0.001630384,0.010039402,-0.317302972,0.001642943,0.999997854,-0.001242828,0.004448473,-0.010037354,0.001259258,0.999948859,0.009862604,
125,0.999944925,-0.001640394,0.010368071,-0.318636119,0.001653986,0.999997795,-0.001302454,0.004476167,-0.010365911,0.001319531,0.999945402,0.009837865,
126,0.999944150,-0.001668955,0.010435777,-0.319578797,0.001683235,0.999997675,-0.001359716,0.004622218,-0.010433484,0.001377206,0.999944627,0.009937022,
127,0.999941707,-0.001707449,0.010662355,-0.322200298,0.001722234,0.999997556,-0.001377660,0.004757932,-0.010659977,0.001395943,0.999942183,0.009722569,
128,0.999938428,-0.001638757,0.010972454,-0.324069738,0.001654024,0.999997675,-0.001382480,0.004864462,-0.010970163,0.001400544,0.999938846,0.009801437,
129,0.999937475,-0.001603779,0.011068635,-0.325191855,0.001618657,0.999997795,-0.001335358,0.004891959,-0.011066468,0.001353191,0.999937832,0.009689498,
130,0.999934137,-0.001276362,0.011407990,-0.328564703,0.001290059,0.999998450,-0.001193321,0.004861408,-0.011406450,0.001207959,0.999934196,0.009955997,
131,0.999930620,-0.001326636,0.011702836,-0.330563426,0.001340160,0.999998450,-0.001147890,0.004798115,-0.011701295,0.001163494,0.999930859,0.009814260,
132,0.999927998,-0.001300984,0.011930825,-0.334427208,0.001314536,0.999998510,-0.001128117,0.004742038,-0.011929340,0.001143720,0.999928176,0.009605288,
133,0.999924600,-0.001204339,0.012219254,-0.335942000,0.001218934,0.999998569,-0.001187091,0.004870174,-0.012217807,0.001201896,0.999924660,0.009900523,
134,0.999921441,-0.001029328,0.012493171,-0.340325266,0.001043279,0.999998868,-0.001110176,0.004840864,-0.012492013,0.001123123,0.999921322,0.009593822,
135,0.999920845,-0.001503638,0.012489523,-0.342292309,0.001518410,0.999998152,-0.001173412,0.004650529,-0.012487736,0.001192283,0.999921322,0.009361413,
136,0.999918699,-0.001404095,0.012671656,-0.344181746,0.001417592,0.999998450,-0.001056214,0.004533469,-0.012670154,0.001074091,0.999919176,0.008814173,
137,0.999918103,-0.001812400,0.012668571,-0.347268641,0.001826340,0.999997735,-0.001088916,0.004406788,-0.012666569,0.001111964,0.999919176,0.008492996,
138,0.999914408,-0.001840709,0.012954810,-0.349372476,0.001853191,0.999997854,-0.000951577,0.004319214,-0.012953030,0.000975503,0.999915659,0.007871464,
139,0.999913573,-0.002067805,0.012984652,-0.351354450,0.002081887,0.999997258,-0.001071084,0.004452392,-0.012982402,0.001098024,0.999915123,0.007960818,
140,0.999912858,-0.002188993,0.013019842,-0.353824019,0.002203804,0.999996960,-0.001123313,0.004647584,-0.013017343,0.001151908,0.999914587,0.007256723,
141,0.999909699,-0.002018424,0.013287176,-0.356188357,0.002031922,0.999997437,-0.001002437,0.004808147,-0.013285119,0.001029345,0.999911249,0.006855355,
142,0.999909759,-0.002032197,0.013280104,-0.356175274,0.002045724,0.999997377,-0.001005126,0.004809573,-0.013278026,0.001032203,0.999911308,0.006887814,
143,0.999908149,-0.002075461,0.013393336,-0.357479215,0.002088764,0.999997318,-0.000979340,0.004936497,-0.013391268,0.001007226,0.999909818,0.006608066,
144,0.999907792,-0.002088256,0.013420364,-0.359558135,0.002099159,0.999997497,-0.000798372,0.004879158,-0.013418662,0.000826470,0.999909639,0.006034987,
145,0.999904275,-0.001912760,0.013705251,-0.361229420,0.001925588,0.999997735,-0.000922882,0.005205959,-0.013703454,0.000949184,0.999905646,0.006430799,
146,0.999902964,-0.001570822,0.013842901,-0.362588704,0.001583193,0.999998331,-0.000882773,0.005360583,-0.013841491,0.000904603,0.999903798,0.006290177,
147,0.999902189,-0.001715237,0.013878940,-0.365629107,0.001726114,0.999998212,-0.000771724,0.005316537,-0.013877591,0.000795605,0.999903381,0.005970452,
148,0.999900758,-0.001915525,0.013958040,-0.367147923,0.001926597,0.999997854,-0.000779838,0.005281810,-0.013956516,0.000806652,0.999902248,0.006151365,
149,0.999897897,-0.001899387,0.014164774,-0.370392799,0.001912423,0.999997735,-0.000906781,0.005360036,-0.014163019,0.000933777,0.999899268,0.006337922,
150,0.999895751,-0.001822736,0.014321686,-0.373055667,0.001834204,0.999998033,-0.000787624,0.005158309,-0.014320221,0.000813811,0.999897122,0.006215596,
151,0.999891579,-0.001759520,0.014619708,-0.375393152,0.001770668,0.999998152,-0.000749614,0.005154377,-0.014618362,0.000775419,0.999892831,0.005700647,
152,0.999889016,-0.001811509,0.014789604,-0.380562812,0.001822785,0.999998033,-0.000748954,0.005249052,-0.014788219,0.000775829,0.999890327,0.005327668,
153,0.999890029,-0.001995684,0.014694281,-0.382507861,0.002009049,0.999997556,-0.000894796,0.005426439,-0.014692459,0.000924219,0.999891639,0.005466505,
154,0.999890089,-0.001835393,0.014710334,-0.387535065,0.001845065,0.999998093,-0.000643996,0.005477059,-0.014709124,0.000671067,0.999891579,0.004793841,
155,0.999889016,-0.001640212,0.014806039,-0.389853120,0.001650124,0.999998450,-0.000657304,0.005708940,-0.014804937,0.000681663,0.999890149,0.004716741,
156,0.999885738,-0.001880008,0.015001168,-0.393296033,0.001889452,0.999998033,-0.000615350,0.005696130,-0.014999982,0.000643623,0.999887288,0.004613292,
157,0.999882579,-0.001995172,0.015195169,-0.398393244,0.002005233,0.999997795,-0.000646874,0.005845085,-0.015193845,0.000677267,0.999884367,0.004298184,
158,0.999881685,-0.001960957,0.015256871,-0.401893795,0.001972826,0.999997735,-0.000762955,0.006038239,-0.015255341,0.000792964,0.999883294,0.004674111,
159,0.999879658,-0.001991423,0.015386152,-0.404558182,0.002001927,0.999997795,-0.000667298,0.005995634,-0.015384789,0.000698020,0.999881387,0.004320893,
160,0.999872327,-0.002049693,0.015845185,-0.411211371,0.002059151,0.999997735,-0.000580574,0.005813882,-0.015843960,0.000613127,0.999874294,0.004017519,
161,0.999873698,-0.002001327,0.015764914,-0.413398713,0.002011671,0.999997795,-0.000640325,0.005818704,-0.015763598,0.000671958,0.999875546,0.003842550,
162,0.999870241,-0.002418194,0.015927400,-0.418941587,0.002426741,0.999996901,-0.000517299,0.005405838,-0.015926100,0.000555884,0.999873042,0.003711659,
163,0.999867141,-0.002300959,0.016136901,-0.421056300,0.002307434,0.999997258,-0.000382604,0.005262214,-0.016135978,0.000419788,0.999869704,0.003038842,
164,0.999867380,-0.002307308,0.016122723,-0.423037112,0.002315814,0.999997199,-0.000508902,0.005319712,-0.016121505,0.000546171,0.999869883,0.003480683,
165,0.999866009,-0.002907562,0.016107881,-0.426558614,0.002914892,0.999995649,-0.000431599,0.004840955,-0.016106557,0.000478494,0.999870181,0.003374203,
166,0.999866307,-0.002916934,0.016088556,-0.428109974,0.002925929,0.999995589,-0.000535585,0.004828647,-0.016086923,0.000582587,0.999870420,0.003280855,
167,0.999866545,-0.002968046,0.016066208,-0.429117173,0.002976462,0.999995470,-0.000499899,0.004724276,-0.016064651,0.000547653,0.999870777,0.003315950,
168,0.999864459,-0.003043033,0.016180228,-0.430980027,0.003053385,0.999995172,-0.000615099,0.004654284,-0.016178276,0.000664420,0.999868929,0.003389172,
169,0.999863327,-0.002880861,0.016278280,-0.431684822,0.002891465,0.999995649,-0.000627911,0.004693300,-0.016276401,0.000674893,0.999867320,0.003435449,
170,0.999863386,-0.003039110,0.016247729,-0.432362169,0.003050006,0.999995112,-0.000645900,0.004583475,-0.016245686,0.000695367,0.999867797,0.003620296,
171,0.999861240,-0.003336473,0.016321598,-0.432796866,0.003347644,0.999994159,-0.000657152,0.004470338,-0.016319310,0.000711700,0.999866605,0.003808338,
172,0.999862969,-0.003333102,0.016214717,-0.432834774,0.003344389,0.999994159,-0.000669033,0.004503354,-0.016212393,0.000723169,0.999868333,0.003949972,
173,0.999865592,-0.003307840,0.016059283,-0.432727993,0.003319900,0.999994218,-0.000724409,0.004553666,-0.016056795,0.000777627,0.999870777,0.003935680,
174,0.999865770,-0.003539238,0.015995963,-0.432716072,0.003550940,0.999993443,-0.000703222,0.004397736,-0.015993370,0.000759928,0.999871790,0.003676457,
175,0.999865949,-0.003507861,0.015993685,-0.432516694,0.003519928,0.999993563,-0.000726392,0.004407424,-0.015991032,0.000782591,0.999871850,0.003687217,
176,0.999866903,-0.003644459,0.015901515,-0.432235271,0.003655627,0.999993086,-0.000673312,0.004291330,-0.015898950,0.000731353,0.999873340,0.003547197,
177,0.999867737,-0.003641180,0.015850255,-0.431797117,0.003652232,0.999993086,-0.000668423,0.004293015,-0.015847711,0.000726223,0.999874175,0.003542712,
178,0.999868512,-0.003374104,0.015859408,-0.431614012,0.003386351,0.999993980,-0.000745419,0.004423966,-0.015856799,0.000799027,0.999873936,0.003621242,
179,0.999868274,-0.003527393,0.015843514,-0.430992275,0.003541994,0.999993324,-0.000893647,0.004455106,-0.015840257,0.000949647,0.999874055,0.004032656,
180,0.999869823,-0.003577968,0.015733181,-0.430588305,0.003591147,0.999993205,-0.000809476,0.004266992,-0.015730178,0.000865871,0.999875903,0.003959986,
181,0.999869108,-0.003648062,0.015761562,-0.430276692,0.003661162,0.999992967,-0.000802349,0.004232407,-0.015758526,0.000859950,0.999875486,0.004076572,
182,0.999867737,-0.003869175,0.015798157,-0.429584891,0.003882716,0.999992132,-0.000826542,0.004172615,-0.015794836,0.000887772,0.999874830,0.004534266,
183,0.999869764,-0.003854217,0.015673181,-0.429040283,0.003868812,0.999992132,-0.000901024,0.004199576,-0.015669584,0.000961543,0.999876738,0.004237766,
184,0.999870360,-0.003691165,0.015671303,-0.427995652,0.003705922,0.999992728,-0.000912705,0.004285212,-0.015667820,0.000970664,0.999876797,0.004754846,
185,0.999870837,-0.003733497,0.015633417,-0.426756293,0.003749913,0.999992430,-0.001020827,0.004315099,-0.015629489,0.001079319,0.999877274,0.004818488,
186,0.999871731,-0.004051151,0.015493624,-0.425177485,0.004065988,0.999991298,-0.000926226,0.003980341,-0.015489737,0.000989104,0.999879539,0.004519078,
187,0.999871910,-0.004041988,0.015484463,-0.425172031,0.004056755,0.999991357,-0.000922370,0.003982367,-0.015480601,0.000985068,0.999879658,0.004487499,
188,0.999864221,-0.003779876,0.016039869,-0.425039321,0.003794129,0.999992430,-0.000858283,0.004000336,-0.016036505,0.000919024,0.999870956,0.004416839,
189,0.999866664,-0.004255894,0.015766591,-0.422671229,0.004270593,0.999990463,-0.000898740,0.003823926,-0.015762616,0.000965953,0.999875307,0.004566400,
190,0.999866605,-0.003773467,0.015890827,-0.421915293,0.003789095,0.999992371,-0.000953415,0.004030722,-0.015887108,0.001013499,0.999873281,0.004425153,
191,0.999867976,-0.003954168,0.015761292,-0.419770896,0.003969989,0.999991655,-0.000972582,0.003929916,-0.015757315,0.001035026,0.999875307,0.004817396,
192,0.999866605,-0.003975017,0.015841037,-0.419209331,0.003991851,0.999991477,-0.001031228,0.003944069,-0.015836803,0.001094326,0.999873996,0.005239041,
193,0.999867678,-0.004085048,0.015745707,-0.418344468,0.004102647,0.999991000,-0.001085556,0.003951745,-0.015741130,0.001150012,0.999875426,0.005301951,
194,0.999868572,-0.003932473,0.015726404,-0.416964620,0.003949686,0.999991655,-0.001063611,0.004034797,-0.015722090,0.001125585,0.999875784,0.005353346,
195,0.999869168,-0.004089896,0.015651384,-0.416310340,0.004108184,0.999990940,-0.001136477,0.004015693,-0.015646594,0.001200627,0.999876857,0.005385287,
196,0.999870062,-0.003890132,0.015645295,-0.415004134,0.003908604,0.999991715,-0.001150298,0.004142080,-0.015640691,0.001211299,0.999876916,0.005455725,
197,0.999869525,-0.003890197,0.015676465,-0.414371133,0.003909637,0.999991655,-0.001209649,0.004210126,-0.015671628,0.001270780,0.999876380,0.005550202,
198,0.999870181,-0.003802189,0.015656458,-0.413031995,0.003823203,0.999991834,-0.001312441,0.004275885,-0.015651340,0.001372129,0.999876559,0.005605698,
199,0.999864817,-0.003661739,0.016027672,-0.411989450,0.003684389,0.999992251,-0.001383874,0.004427424,-0.016022481,0.001442739,0.999870598,0.006089172,
200,0.999866009,-0.004043311,0.015863029,-0.410335034,0.004064755,0.999990880,-0.001319796,0.004087539,-0.015857549,0.001384098,0.999873281,0.006208708,
201,0.999866128,-0.004021354,0.015861902,-0.410334349,0.004042695,0.999990940,-0.001313589,0.004091374,-0.015856478,0.001377538,0.999873340,0.006218136,
202,0.999869287,-0.003768860,0.015724279,-0.409494281,0.003790552,0.999991894,-0.001349908,0.004156462,-0.015719064,0.001409336,0.999875426,0.006207278,
203,0.999870777,-0.003801220,0.015621741,-0.407149851,0.003823243,0.999991715,-0.001380119,0.004186793,-0.015616366,0.001439666,0.999877036,0.006066168,
204,0.999870420,-0.003620807,0.015684377,-0.406201541,0.003643536,0.999992371,-0.001420804,0.004274352,-0.015679114,0.001477767,0.999875963,0.006093399,
205,0.999870658,-0.003811842,0.015623901,-0.404124767,0.003834883,0.999991596,-0.001445030,0.004269626,-0.015618262,0.001504759,0.999876916,0.005750973,
206,0.999871612,-0.003796355,0.015566917,-0.403206706,0.003818951,0.999991715,-0.001422071,0.004279398,-0.015561389,0.001481338,0.999877810,0.005782637,
207,0.999873042,-0.003844755,0.015462146,-0.401641756,0.003869069,0.999991298,-0.001542905,0.004365658,-0.015456080,0.001602533,0.999879241,0.005807723,
208,0.999874473,-0.003831588,0.015375695,-0.399145722,0.003856773,0.999991298,-0.001608684,0.004468870,-0.015369397,0.001667783,0.999880493,0.005599457,
209,0.999878585,-0.003977145,0.015067328,-0.396882951,0.004003604,0.999990523,-0.001726369,0.004578610,-0.015060319,0.001786483,0.999884963,0.005599109,
210,0.999878109,-0.003730936,0.015161334,-0.393865585,0.003758047,0.999991417,-0.001760002,0.004741213,-0.015154636,0.001816765,0.999883533,0.005491219,
211,0.999880552,-0.003852238,0.014969927,-0.391311169,0.003879160,0.999990880,-0.001769771,0.004751604,-0.014962974,0.001827630,0.999886394,0.005608342,
212,0.999883413,-0.003884488,0.014766876,-0.387854397,0.003909611,0.999990940,-0.001672784,0.004595521,-0.014760244,0.001730322,0.999889553,0.005557197,
213,0.999885261,-0.003773514,0.014669250,-0.385817260,0.003799344,0.999991298,-0.001733344,0.004701821,-0.014662581,0.001788879,0.999890924,0.005709892,
214,0.999886394,-0.003897168,0.014561997,-0.383188635,0.003924198,0.999990642,-0.001828079,0.004747158,-0.014554736,0.001885016,0.999892294,0.005662928,
215,0.999888003,-0.003990388,0.014422426,-0.379629523,0.004015976,0.999990404,-0.001745685,0.004579973,-0.014415321,0.001803410,0.999894440,0.005315785,
216,0.999891996,-0.003767427,0.014207537,-0.377387851,0.003793058,0.999991238,-0.001777492,0.004650731,-0.014200715,0.001831190,0.999897480,0.005154525,
217,0.999890387,-0.003754128,0.014322586,-0.374079049,0.003779540,0.999991357,-0.001747577,0.004655662,-0.014315902,0.001801518,0.999895871,0.004983334,
218,0.999894023,-0.003565800,0.014114660,-0.371897131,0.003591235,0.999991953,-0.001777104,0.004755887,-0.014108211,0.001827605,0.999898791,0.004823665,
219,0.999895334,-0.003739605,0.013977727,-0.368678063,0.003765375,0.999991238,-0.001817774,0.004721701,-0.013970807,0.001870215,0.999900639,0.004403873,
220,0.999894679,-0.003623476,0.014054254,-0.367192298,0.003649432,0.999991655,-0.001821655,0.004708991,-0.014047536,0.001872753,0.999899566,0.004222356,
221,0.999892771,-0.003653681,0.014181655,-0.366013706,0.003680351,0.999991536,-0.001854988,0.004721811,-0.014174758,0.001906982,0.999897718,0.004374029,
222,0.999895513,-0.003638166,0.013990687,-0.362538844,0.003663997,0.999991655,-0.001821118,0.004627115,-0.013983944,0.001872190,0.999900460,0.004314119,
223,0.999895573,-0.003556960,0.014006256,-0.360914260,0.003582663,0.999991953,-0.001810470,0.004613648,-0.013999703,0.001860460,0.999900281,0.004433953,
224,0.999896109,-0.003356775,0.014016035,-0.359021693,0.003382736,0.999992609,-0.001828952,0.004674199,-0.014009792,0.001876175,0.999900103,0.004439575,
225,0.999898076,-0.003530151,0.013832354,-0.355725974,0.003555815,0.999992013,-0.001831204,0.004637582,-0.013825779,0.001880203,0.999902666,0.004177744,
226,0.999898255,-0.003488318,0.013830245,-0.353867054,0.003514554,0.999992073,-0.001873118,0.004646984,-0.013823602,0.001921535,0.999902606,0.004281071,
227,0.999899209,-0.003426860,0.013779534,-0.350553930,0.003450378,0.999992609,-0.001683340,0.004469192,-0.013773664,0.001730715,0.999903619,0.004135654,
228,0.999899447,-0.003466948,0.013751776,-0.349404961,0.003492066,0.999992251,-0.001802946,0.004533652,-0.013745419,0.001850787,0.999903798,0.004312451,
229,0.999901056,-0.003608586,0.013596829,-0.348091513,0.003633265,0.999991775,-0.001790812,0.004444841,-0.013590255,0.001840036,0.999905944,0.004003900,
230,0.999901950,-0.003204409,0.013632094,-0.345912755,0.003229469,0.999993145,-0.001816705,0.004633704,-0.013626178,0.001860551,0.999905407,0.004401926,
231,0.999900579,-0.003446509,0.013674049,-0.344605565,0.003470540,0.999992490,-0.001734060,0.004456114,-0.013667969,0.001781344,0.999904990,0.004239334,
232,0.999901593,-0.003210771,0.013657304,-0.342406034,0.003236357,0.999993026,-0.001851702,0.004730928,-0.013651264,0.001895719,0.999905050,0.004093544,
233,0.999903202,-0.003341092,0.013508029,-0.341213584,0.003365554,0.999992728,-0.001788667,0.004608486,-0.013501955,0.001833956,0.999907136,0.004045531,
234,0.999903381,-0.003262894,0.013510985,-0.340341389,0.003288344,0.999992847,-0.001861893,0.004670724,-0.013504813,0.001906142,0.999907017,0.004250580,
235,0.999905109,-0.003372597,0.013358076,-0.338318855,0.003396498,0.999992669,-0.001766963,0.004376370,-0.013352020,0.001812166,0.999909222,0.003975410,
236,0.999906719,-0.003228199,0.013270716,-0.337336481,0.003253287,0.999992967,-0.001869362,0.004539427,-0.013264588,0.001912361,0.999910176,0.004142181,
237,0.999906659,-0.003074464,0.013312896,-0.335458994,0.003099089,0.999993503,-0.001829499,0.004518068,-0.013307185,0.001870586,0.999909699,0.003758872,
238,0.999906421,-0.003085571,0.013328647,-0.334750086,0.003110375,0.999993443,-0.001840626,0.004488999,-0.013322880,0.001881911,0.999909461,0.003931675,
239,0.999905586,-0.003005466,0.013407763,-0.334263861,0.003029468,0.999993861,-0.001770243,0.004368621,-0.013402360,0.001810694,0.999908566,0.004107619,
240,0.999905109,-0.002889476,0.013470744,-0.332431048,0.002914416,0.999994099,-0.001832081,0.004464155,-0.013465370,0.001871167,0.999907613,0.004521472,
241,0.999906361,-0.002904378,0.013374422,-0.331045449,0.002927105,0.999994278,-0.001680047,0.004341075,-0.013369466,0.001719038,0.999909163,0.004141223,
242,0.999906719,-0.002863800,0.013355739,-0.329951763,0.002885920,0.999994516,-0.001637225,0.004256059,-0.013350978,0.001675615,0.999909461,0.004273667,
243,0.999906719,-0.002870332,0.013352164,-0.329949915,0.002892502,0.999994457,-0.001641388,0.004257523,-0.013347379,0.001679856,0.999909520,0.004275176,
244,0.999909997,-0.002960442,0.013085391,-0.329149514,0.002981759,0.999994278,-0.001609868,0.004133125,-0.013080550,0.001648741,0.999913096,0.004093172,
245,0.999909997,-0.002949091,0.013086470,-0.327976197,0.002971363,0.999994159,-0.001682791,0.004060497,-0.013081430,0.001721524,0.999912977,0.004592079,
246,0.999910593,-0.002785021,0.013076821,-0.327136517,0.002807186,0.999994636,-0.001677002,0.004072224,-0.013072081,0.001713561,0.999913096,0.004911015,
247,0.999913454,-0.002859708,0.012842930,-0.325403661,0.002881262,0.999994457,-0.001660100,0.003886521,-0.012838111,0.001696960,0.999916136,0.004983815,
248,0.999912918,-0.002943864,0.012862610,-0.324849308,0.002965206,0.999994278,-0.001640450,0.003839615,-0.012857707,0.001678447,0.999915898,0.005183050,
249,0.999911249,-0.002713123,0.013044388,-0.324268490,0.002736563,0.999994695,-0.001779403,0.004030783,-0.013039490,0.001814942,0.999913335,0.005597505,
250,0.999912441,-0.002619200,0.012973102,-0.322626561,0.002641326,0.999995112,-0.001688690,0.003967107,-0.012968616,0.001722808,0.999914408,0.005426818,
251,0.999913633,-0.002724205,0.012855257,-0.321899623,0.002746793,0.999994695,-0.001739722,0.003914870,-0.012850450,0.001774883,0.999915838,0.005843545,
252,0.999912262,-0.002493068,0.013010820,-0.321383238,0.002515148,0.999995410,-0.001681015,0.003933586,-0.013006570,0.001713592,0.999913931,0.005555909,
253,0.999913096,-0.002624048,0.012917507,-0.319984287,0.002646776,0.999994993,-0.001742669,0.003949270,-0.012912869,0.001776707,0.999915063,0.005871996,
254,0.999913633,-0.002527272,0.012896407,-0.319225699,0.002549246,0.999995351,-0.001687731,0.004006205,-0.012892082,0.001720462,0.999915421,0.005650675,
255,0.999914348,-0.002708328,0.012802861,-0.317681283,0.002729666,0.999994934,-0.001649465,0.003916020,-0.012798328,0.001684271,0.999916673,0.005429924,
256,0.999914527,-0.002547038,0.012824379,-0.316718429,0.002568247,0.999995351,-0.001637584,0.004021371,-0.012820149,0.001670380,0.999916434,0.005367233,
257,0.999914646,-0.002621097,0.012797907,-0.315633565,0.002643920,0.999994934,-0.001766763,0.004123651,-0.012793211,0.001800448,0.999916553,0.005581786,
258,0.999916136,-0.002515975,0.012705980,-0.313574612,0.002537989,0.999995291,-0.001716737,0.004071037,-0.012701601,0.001748841,0.999917805,0.005307985,
259,0.999916732,-0.002931044,0.012569163,-0.310143411,0.002953301,0.999994099,-0.001752630,0.004085855,-0.012563952,0.001789604,0.999919474,0.005311385,
260,0.999918878,-0.002878578,0.012409497,-0.307472318,0.002900674,0.999994218,-0.001762934,0.003969977,-0.012404351,0.001798787,0.999921441,0.005070360,
261,0.999918938,-0.002893480,0.012399577,-0.307462782,0.002915575,0.999994218,-0.001764221,0.003967768,-0.012394399,0.001800230,0.999921560,0.005072702,
262,0.999920130,-0.002983175,0.012281294,-0.306287885,0.003005510,0.999993861,-0.001800546,0.003902458,-0.012275848,0.001837314,0.999922931,0.005132702,
263,0.999923170,-0.002825490,0.012068428,-0.302009135,0.002846448,0.999994457,-0.001719696,0.003736129,-0.012063502,0.001753915,0.999925673,0.004963208,
264,0.999924183,-0.003093594,0.011917046,-0.300131679,0.003114484,0.999993622,-0.001734806,0.003581664,-0.011911604,0.001771790,0.999927461,0.004969651,
265,0.999926925,-0.002975149,0.011716205,-0.295638382,0.002995401,0.999994040,-0.001711417,0.003627478,-0.011711043,0.001746387,0.999929905,0.004847738,
266,0.999926507,-0.002766038,0.011805099,-0.294062644,0.002786024,0.999994695,-0.001676956,0.003643066,-0.011800399,0.001709722,0.999928892,0.004683819,
267,0.999928355,-0.002949335,0.011601217,-0.292107582,0.002967760,0.999994338,-0.001571304,0.003448726,-0.011596517,0.001605621,0.999931455,0.004533249,
268,0.999931216,-0.003040072,0.011326073,-0.288076729,0.003058268,0.999994040,-0.001589667,0.003438793,-0.011321173,0.001624196,0.999934614,0.004647147,
269,0.999931753,-0.003114510,0.011260124,-0.285027176,0.003132611,0.999993801,-0.001590222,0.003477576,-0.011255101,0.001625387,0.999935329,0.004654671,
270,0.999933362,-0.002964775,0.011159047,-0.283022970,0.002983118,0.999994218,-0.001627507,0.003560586,-0.011154157,0.001660688,0.999936402,0.004816140,
271,0.999936223,-0.002958444,0.010896781,-0.276970476,0.002975432,0.999994397,-0.001543126,0.003593634,-0.010892154,0.001575451,0.999939442,0.004711323,
272,0.999937236,-0.002947501,0.010810451,-0.275123924,0.002963979,0.999994457,-0.001508536,0.003562856,-0.010805945,0.001540483,0.999940455,0.004656411,
273,0.999937296,-0.002905044,0.010816209,-0.272668183,0.002922748,0.999994397,-0.001621361,0.003688184,-0.010811438,0.001652873,0.999940217,0.004963710,
