24,0.999998271,0.000275283,0.001849496,-0.015464489,-0.000275936,0.999999881,0.000352627,0.000268440,-0.001849399,-0.000353137,0.999998212,-0.001626646,
25,0.999997616,0.000175853,0.002182059,-0.019427808,-0.000176493,0.999999940,0.000293343,0.000536434,-0.002182008,-0.000293728,0.999997556,-0.001499262,
26,0.999996662,0.000253830,0.002576454,-0.022500610,-0.000254456,0.999999940,0.000242696,0.000754919,-0.002576392,-0.000243350,0.999996662,-0.001558188,
27,0.999994636,0.000615065,0.003219498,-0.027447788,-0.000616050,0.999999762,0.000304912,0.000862772,-0.003219310,-0.000306894,0.999994755,-0.001809722,
28,0.999993443,0.000516217,0.003579033,-0.030962422,-0.000517191,0.999999821,0.000271236,0.000991179,-0.003578892,-0.000273085,0.999993563,-0.001703870,
29,0.999991834,-0.000177237,0.004034208,-0.036939327,0.000176007,0.999999940,0.000305421,0.001309564,-0.004034262,-0.000304709,0.999991834,-0.002358885,
30,0.999989867,0.000036108,0.004499502,-0.042240344,-0.000038137,0.999999881,0.000450803,0.001426519,-0.004499485,-0.000450970,0.999989748,-0.003150635,
31,0.999984920,0.000245495,0.005481942,-0.049004968,-0.000248460,0.999999821,0.000540201,0.001702049,-0.005481808,-0.000541555,0.999984801,-0.004084685,
32,0.999985337,0.000300145,0.005408699,-0.048885047,-0.000302888,0.999999821,0.000506308,0.001731898,-0.005408546,-0.000507939,0.999985218,-0.003857162,
33,0.999985218,0.000179599,0.005432982,-0.051466364,-0.000183235,0.999999762,0.000668726,0.001738184,-0.005432860,-0.000669711,0.999985039,-0.004214228,
34,0.999985456,0.000118122,0.005388510,-0.055144656,-0.000122479,0.999999642,0.000808225,0.001894271,-0.005388413,-0.000808873,0.999985158,-0.004471174,
35,0.999985158,0.000393367,0.005438224,-0.055863436,-0.000398612,0.999999464,0.000963449,0.001897772,-0.005437842,-0.000965603,0.999984741,-0.004545872,
36,0.999984622,0.000172750,0.005538173,-0.057830036,-0.000178736,0.999999404,0.001080372,0.001772309,-0.005537983,-0.001081346,0.999984086,-0.004553105,
37,0.999983430,0.000141054,0.005751466,-0.058940809,-0.000146966,0.999999464,0.001027523,0.001789025,-0.005751318,-0.001028351,0.999982953,-0.004195063,
38,0.999981880,0.000199600,0.006014509,-0.060361948,-0.000206144,0.999999404,0.001087351,0.001782730,-0.006014288,-0.001088571,0.999981344,-0.004158388,
39,0.999982417,0.000021778,0.005934362,-0.060999870,-0.000028669,0.999999344,0.001161102,0.001772129,-0.005934332,-0.001161252,0.999981701,-0.004259020,
40,0.999982715,-0.000126163,0.005877632,-0.061953276,0.000120369,0.999999523,0.000986116,0.002103084,-0.005877753,-0.000985391,0.999982238,-0.004060960,
41,0.999980628,0.000088306,0.006220517,-0.063876063,-0.000095105,0.999999404,0.001092772,0.002236175,-0.006220417,-0.001093342,0.999980032,-0.004185564,
42,0.999980032,0.000066516,0.006315190,-0.065325223,-0.000073893,0.999999344,0.001167979,0.002467421,-0.006315108,-0.001168422,0.999979377,-0.004713275,
43,0.999980509,0.000021566,0.006244258,-0.065246105,-0.000028066,0.999999464,0.001040813,0.002596413,-0.006244232,-0.001040968,0.999979973,-0.004386283,
44,0.999979615,0.000075379,0.006381388,-0.066050529,-0.000083304,0.999999225,0.001241645,0.002504556,-0.006381290,-0.001242151,0.999978840,-0.004762564,
45,0.999977887,-0.000040579,0.006649611,-0.067954406,0.000031943,0.999999166,0.001298913,0.002385733,-0.006649658,-0.001298672,0.999977052,-0.004601069,
46,0.999977767,0.000034065,0.006670098,-0.069029659,-0.000042835,0.999999106,0.001314706,0.002354532,-0.006670048,-0.001314963,0.999976873,-0.004655847,
47,0.999975979,0.000180205,0.006925833,-0.071569718,-0.000189364,0.999999106,0.001321774,0.002436143,-0.006925588,-0.001323054,0.999975145,-0.004811097,
48,0.999975502,0.000110362,0.006996508,-0.072553232,-0.000120095,0.999999046,0.001390682,0.002460729,-0.006996348,-0.001391489,0.999974549,-0.004848055,
49,0.999973834,0.000060930,0.007232087,-0.075001843,-0.000070958,0.999999046,0.001386280,0.002361856,-0.007231995,-0.001386757,0.999972880,-0.004799288,
50,0.999974251,-0.000024463,0.007172458,-0.075828552,0.000014450,0.999999046,0.001396016,0.002315588,-0.007172485,-0.001395876,0.999973297,-0.004671424,
51,0.999971569,0.000162567,0.007535437,-0.078312561,-0.000174363,0.999998748,0.001564807,0.002123684,-0.007535173,-0.001566076,0.999970376,-0.004784178,
52,0.999971032,0.000036918,0.007615141,-0.079411872,-0.000049283,0.999998689,0.001623496,0.002058958,-0.007615071,-0.001623825,0.999969661,-0.004760199,
53,0.999971569,-0.000103575,0.007537863,-0.081367366,0.000093163,0.999999046,0.001381585,0.002430933,-0.007537999,-0.001380844,0.999970615,-0.004431696,
54,0.999970078,0.000168302,0.007732390,-0.082396425,-0.000178248,0.999999166,0.001285644,0.002682338,-0.007732167,-0.001286983,0.999969304,-0.004515820,
55,0.999969304,0.000086415,0.007832050,-0.084228739,-0.000096242,0.999999225,0.001254338,0.003267528,-0.007831936,-0.001255053,0.999968529,-0.005048153,
56,0.999967992,-0.000008896,0.008003765,-0.085214317,-0.000001625,0.999999166,0.001314540,0.003349510,-0.008003769,-0.001314511,0.999967098,-0.005858760,
57,0.999967754,0.000032254,0.008030257,-0.086506180,-0.000045320,0.999998689,0.001626879,0.003324431,-0.008030194,-0.001627190,0.999966443,-0.006365253,
58,0.999968886,0.000014883,0.007888456,-0.086627178,-0.000027724,0.999998689,0.001627698,0.003400361,-0.007888421,-0.001627866,0.999967575,-0.006384374,
59,0.999969006,0.000011086,0.007874995,-0.087386601,-0.000024303,0.999998569,0.001678240,0.003397321,-0.007874966,-0.001678379,0.999967575,-0.006641943,
60,0.999966800,-0.000003300,0.008148249,-0.088789813,-0.000011955,0.999998271,0.001872133,0.003283369,-0.008148241,-0.001872168,0.999965072,-0.006741565,
61,0.999966025,0.000104464,0.008244267,-0.089531146,-0.000120720,0.999998033,0.001971339,0.003248462,-0.008244045,-0.001972267,0.999964058,-0.006851338,
62,0.999965131,-0.000050884,0.008352821,-0.091291249,0.000034468,0.999998093,0.001965363,0.003376618,-0.008352905,-0.001965007,0.999963164,-0.006880620,
63,0.999963880,-0.000093237,0.008502201,-0.092209391,0.000076691,0.999998093,0.001946458,0.003443402,-0.008502366,-0.001945735,0.999961972,-0.006808997,
64,0.999962389,-0.000011937,0.008674682,-0.094763257,-0.000005031,0.999998093,0.001955981,0.003412058,-0.008674689,-0.001955951,0.999960482,-0.006557007,
65,0.999961317,-0.000163069,0.008792705,-0.095891327,0.000145054,0.999997914,0.002049450,0.003203303,-0.008793021,-0.002048095,0.999959230,-0.006560781,
66,0.999959111,-0.000033954,0.009043400,-0.098609351,0.000014704,0.999997735,0.002128622,0.002970596,-0.009043451,-0.002128402,0.999956846,-0.006417637,
67,0.999959826,0.000009264,0.008964974,-0.099975407,-0.000027651,0.999997914,0.002050798,0.002996364,-0.008964936,-0.002050963,0.999957740,-0.006106347,
68,0.999957860,0.000169964,0.009176329,-0.102694973,-0.000186943,0.999998271,0.001849483,0.003133858,-0.009175998,-0.001851121,0.999956191,-0.005893522,
69,0.999955773,0.000152589,0.009402474,-0.104349397,-0.000168587,0.999998510,0.001700710,0.003262218,-0.009402201,-0.001702220,0.999954343,-0.005610532,
70,0.999953508,0.000323150,0.009638542,-0.108012378,-0.000339700,0.999998450,0.001715476,0.003259747,-0.009637973,-0.001718670,0.999952078,-0.005709872,
71,0.999953628,0.000004757,0.009631990,-0.110019431,-0.000020267,0.999998689,0.001610170,0.003447291,-0.009631969,-0.001610291,0.999952316,-0.005605555,
72,0.999951184,0.000090099,0.009877676,-0.111570708,-0.000106392,0.999998629,0.001649006,0.003533724,-0.009877514,-0.001649977,0.999949872,-0.005757235,
73,0.999948323,-0.000030261,0.010163909,-0.115470178,0.000015679,0.999998987,0.001434737,0.003962186,-0.010163942,-0.001434504,0.999947309,-0.005796032,
74,0.999946892,0.000211714,0.010303857,-0.117779270,-0.000225494,0.999999106,0.001336148,0.004169854,-0.010303564,-0.001338401,0.999945998,-0.005865525,
75,0.999943554,-0.000026933,0.010624498,-0.122213721,0.000011330,0.999998927,0.001468640,0.004006875,-0.010624526,-0.001468437,0.999942482,-0.006342196,
76,0.999942064,-0.000079260,0.010765695,-0.124227151,0.000064109,0.999998987,0.001407617,0.003989036,-0.010765797,-0.001406846,0.999941051,-0.006431148,
77,0.999943435,-0.000162514,0.010636939,-0.127804935,0.000149106,0.999999166,0.001261256,0.003997104,-0.010637135,-0.001259598,0.999942660,-0.006491430,
78,0.999941170,-0.000139176,0.010843620,-0.130623445,0.000125662,0.999999225,0.001246986,0.003995690,-0.010843785,-0.001245550,0.999940455,-0.006748950,
79,0.999934316,0.000213208,0.011458160,-0.135455206,-0.000229014,0.999999046,0.001378240,0.003770548,-0.011457855,-0.001380773,0.999933422,-0.007226504,
80,0.999936640,0.000017528,0.011256743,-0.136951596,-0.000034503,0.999998868,0.001507812,0.003587883,-0.011256704,-0.001508104,0.999935508,-0.007687753,
81,0.999933064,-0.000425380,0.011559850,-0.141757458,0.000407553,0.999998748,0.001544444,0.003596717,-0.011560491,-0.001539629,0.999931991,-0.007843911,
82,0.999933660,-0.000342714,0.011512695,-0.143090308,0.000325822,0.999998868,0.001469093,0.003656231,-0.011513186,-0.001465245,0.999932647,-0.007561932,
83,0.999932468,-0.000330045,0.011615267,-0.145438552,0.000313090,0.999998868,0.001461462,0.003666683,-0.011615736,-0.001457727,0.999931455,-0.007583538,
84,0.999932468,-0.000472333,0.011610380,-0.147015199,0.000457668,0.999999106,0.001265666,0.003813750,-0.011610968,-0.001260267,0.999931812,-0.007770148,
85,0.999930978,-0.000483655,0.011736840,-0.148083419,0.000467471,0.999998927,0.001381638,0.003795958,-0.011737496,-0.001376056,0.999930143,-0.008123255,
86,0.999928534,-0.000502383,0.011942616,-0.150215477,0.000485982,0.999998927,0.001376223,0.003904558,-0.011943295,-0.001370321,0.999927759,-0.008276450,
87,0.999930024,-0.000654809,0.011813091,-0.150971532,0.000638614,0.999998868,0.001374659,0.003883272,-0.011813978,-0.001367018,0.999929249,-0.008505025,
88,0.999931693,-0.000527081,0.011677353,-0.152197257,0.000510745,0.999998868,0.001401942,0.004039917,-0.011678078,-0.001395882,0.999930859,-0.008684250,
89,0.999930680,-0.000578081,0.011762097,-0.152755097,0.000559798,0.999998629,0.001557611,0.004005814,-0.011762981,-0.001550919,0.999929607,-0.008996641,
90,0.999932826,-0.000773235,0.011562741,-0.153496698,0.000756607,0.999998689,0.001442394,0.004322747,-0.011563842,-0.001433549,0.999932110,-0.009070647,
91,0.999931753,-0.000709058,0.011663171,-0.154089764,0.000692263,0.999998689,0.001443976,0.004438045,-0.011664179,-0.001435803,0.999930918,-0.009074249,
92,0.999931276,-0.000537645,0.011708993,-0.155263186,0.000520117,0.999998748,0.001499996,0.004483758,-0.011709784,-0.001493803,0.999930322,-0.009013558,
93,0.999932349,-0.000676855,0.011612319,-0.155709743,0.000658796,0.999998569,0.001558940,0.004417991,-0.011613358,-0.001551184,0.999931335,-0.009261996,
94,0.999931574,-0.000728130,0.011676057,-0.156919166,0.000709721,0.999998510,0.001580722,0.004375630,-0.011677191,-0.001572327,0.999930561,-0.009007353,
95,0.999933541,-0.000909094,0.011490581,-0.157184035,0.000890458,0.999998271,0.001626852,0.004293791,-0.011492040,-0.001616512,0.999932647,-0.009016137,
96,0.999931693,-0.000799587,0.011660226,-0.157870248,0.000779942,0.999998271,0.001689306,0.004158853,-0.011661557,-0.001680096,0.999930561,-0.009236665,
97,0.999929607,-0.000777861,0.011837537,-0.159744203,0.000760044,0.999998569,0.001509572,0.004255360,-0.011838695,-0.001500469,0.999928772,-0.009065951,
98,0.999928057,-0.000435304,0.011986839,-0.160696298,0.000417986,0.999998868,0.001447199,0.004339088,-0.011987455,-0.001442085,0.999927104,-0.009298604,
99,0.999927521,-0.000617101,0.012025761,-0.162912533,0.000600145,0.999998808,0.001413567,0.004340260,-0.012026619,-0.001406247,0.999926686,-0.009619518,
100,0.999926209,-0.000493095,0.012135975,-0.164113164,0.000477061,0.999998987,0.001324083,0.004415292,-0.012136616,-0.001318196,0.999925494,-0.009542607,
101,0.999922276,-0.000335600,0.012462638,-0.167402908,0.000320051,0.999999166,0.001249642,0.004628555,-0.012463047,-0.001245556,0.999921560,-0.009943372,
102,0.999927044,-0.000523956,0.012066266,-0.167840943,0.000507584,0.999998927,0.001359906,0.004503541,-0.012066966,-0.001353682,0.999926269,-0.010288494,
103,0.999923289,-0.000645986,0.012368382,-0.171576783,0.000628908,0.999998868,0.001384589,0.004386415,-0.012369262,-0.001376705,0.999922574,-0.010862379,
104,0.999920726,-0.000648138,0.012576641,-0.173939630,0.000633252,0.999999106,0.001187611,0.004608245,-0.012577399,-0.001179553,0.999920189,-0.011012266,
105,0.999916613,-0.000621277,0.012896670,-0.178582564,0.000605111,0.999999046,0.001257369,0.004632854,-0.012897439,-0.001249460,0.999916017,-0.011750974,
106,0.999918461,-0.000414274,0.012762937,-0.180285126,0.000399036,0.999999225,0.001196408,0.004758745,-0.012763422,-0.001191217,0.999917805,-0.012124170,
107,0.999915004,-0.000413032,0.013033497,-0.185069025,0.000398843,0.999999344,0.001091268,0.005049864,-0.013033939,-0.001085977,0.999914467,-0.012562183,
108,0.999912560,-0.000607730,0.013208292,-0.187245637,0.000593364,0.999999225,0.001091568,0.005037647,-0.013208946,-0.001083636,0.999912143,-0.012873426,
109,0.999909878,-0.000495600,0.013415039,-0.189431727,0.000480724,0.999999285,0.001112111,0.005056198,-0.013415580,-0.001105562,0.999909401,-0.012982209,
110,0.999907494,-0.000988524,0.013567210,-0.194578156,0.000972657,0.999998808,0.001176043,0.005105168,-0.013568357,-0.001162737,0.999907255,-0.013712293,
111,0.999906123,-0.001093945,0.013659243,-0.196187586,0.001078394,0.999998748,0.001145793,0.005251226,-0.013660479,-0.001130955,0.999906063,-0.013521977,
112,0.999901772,-0.001055819,0.013976797,-0.199255258,0.001042288,0.999998987,0.000975329,0.005473494,-0.013977813,-0.000960665,0.999901831,-0.013229083,
113,0.999901891,-0.001059702,0.013969448,-0.201106131,0.001045849,0.999998927,0.000998932,0.005508104,-0.013970492,-0.000984224,0.999901950,-0.013767924,
114,0.999900937,-0.001050140,0.014035641,-0.203313395,0.001038194,0.999999106,0.000858393,0.005698961,-0.014036530,-0.000843737,0.999901116,-0.013607558,
115,0.999895036,-0.001120240,0.014446634,-0.206797764,0.001108843,0.999999046,0.000796865,0.005986215,-0.014447513,-0.000780762,0.999895334,-0.014022411,
116,0.999891877,-0.000973290,0.014671321,-0.209452063,0.000962953,0.999999285,0.000711615,0.006147281,-0.014672003,-0.000697410,0.999892116,-0.014223520,
117,0.999888182,-0.001176539,0.014905895,-0.214187101,0.001163131,0.999998927,0.000908133,0.005966977,-0.014906947,-0.000890694,0.999888480,-0.014827516,
118,0.999886394,-0.001025492,0.015039260,-0.216401950,0.001012747,0.999999106,0.000855011,0.005975507,-0.015040125,-0.000839682,0.999886513,-0.015029765,
119,0.999879599,-0.001084934,0.015477956,-0.221232280,0.001075455,0.999999225,0.000620720,0.006162860,-0.015478618,-0.000603999,0.999880016,-0.015291200,
120,0.999879003,-0.001163611,0.015510343,-0.224373043,0.001151070,0.999998987,0.000817459,0.006125329,-0.015511279,-0.000799506,0.999879360,-0.016526906,
121,0.999876022,-0.001100287,0.015708003,-0.229011402,0.001087987,0.999999106,0.000791567,0.006433784,-0.015708860,-0.000774379,0.999876320,-0.016911490,
122,0.999874592,-0.001256700,0.015785437,-0.231049687,0.001242560,0.999998808,0.000905536,0.006445046,-0.015786557,-0.000885808,0.999875009,-0.017499421,
123,0.999870658,-0.000869812,0.016057931,-0.234116301,0.000854225,0.999999166,0.000977512,0.006628741,-0.016058767,-0.000963669,0.999870598,-0.017562056,
124,0.999866366,-0.001118564,0.016307998,-0.238831550,0.001103242,0.999998927,0.000948485,0.006756960,-0.016309042,-0.000930367,0.999866545,-0.018159663,
125,0.999863029,-0.001327406,0.016495831,-0.241476506,0.001312696,0.999998748,0.000902577,0.006777514,-0.016497009,-0.000880799,0.999863505,-0.017940903,
126,0.999853909,-0.001368044,0.017039433,-0.247430310,0.001352788,0.999998689,0.000906844,0.006995208,-0.017040651,-0.000883661,0.999854386,-0.018510692,
127,0.999851704,-0.001211796,0.017178666,-0.249910116,0.001196917,0.999998927,0.000876408,0.007240342,-0.017179709,-0.000855717,0.999852061,-0.018802268,
128,0.999844015,-0.001340591,0.017611980,-0.254951477,0.001324082,0.999998689,0.000949033,0.007403594,-0.017613230,-0.000925566,0.999844432,-0.019403841,
129,0.999842882,-0.001563548,0.017655704,-0.258102626,0.001545537,0.999998271,0.001033714,0.007389775,-0.017657289,-0.001006264,0.999843597,-0.019952077,
130,0.999837816,-0.001518912,0.017946152,-0.263944417,0.001501642,0.999998391,0.000975751,0.007554970,-0.017947605,-0.000948644,0.999838471,-0.020621384,
131,0.999835372,-0.001673107,0.018066816,-0.265964836,0.001658736,0.999998271,0.000810416,0.007765023,-0.018068140,-0.000780315,0.999836445,-0.020136131,
132,0.999833524,-0.001615564,0.018174548,-0.268635333,0.001601934,0.999998450,0.000764481,0.008000215,-0.018175755,-0.000735239,0.999834538,-0.020280940,
133,0.999828756,-0.001934792,0.018405810,-0.271984696,0.001920574,0.999997854,0.000790127,0.008197008,-0.018407298,-0.000754642,0.999830306,-0.020368347,
134,0.999819160,-0.001941573,0.018917991,-0.277840286,0.001930503,0.999997973,0.000603381,0.008606929,-0.018919125,-0.000566750,0.999820828,-0.020508610,
135,0.999818027,-0.001925231,0.018979089,-0.281805962,0.001914062,0.999997973,0.000606600,0.009079625,-0.018980218,-0.000570163,0.999819696,-0.020984769,
136,0.999818385,-0.001976826,0.018955955,-0.281789124,0.001965688,0.999997914,0.000606184,0.009069376,-0.018957112,-0.000568812,0.999820113,-0.020969074,
137,0.999816120,-0.001954164,0.019077670,-0.283478767,0.001943069,0.999997914,0.000600098,0.009271268,-0.019078804,-0.000562919,0.999817848,-0.021200867,
138,0.999817967,-0.002036141,0.018970789,-0.287184834,0.002024265,0.999997735,0.000645207,0.009428968,-0.018972060,-0.000606688,0.999819815,-0.022052815,
139,0.999817550,-0.002029338,0.018992633,-0.288863122,0.002014420,0.999997675,0.000804584,0.009315315,-0.018994220,-0.000766178,0.999819279,-0.022316294,
140,0.999814868,-0.001797257,0.019156536,-0.290751934,0.001780447,0.999998033,0.000894524,0.009382507,-0.019158106,-0.000860251,0.999816120,-0.022934984,
141,0.999819577,-0.002230955,0.018862439,-0.294582993,0.002215516,0.999997199,0.000839366,0.009577624,-0.018864259,-0.000797424,0.999821723,-0.023550387,
142,0.999815047,-0.002216391,0.019103816,-0.297087491,0.002196844,0.999997020,0.001044151,0.009622320,-0.019106073,-0.001001989,0.999816954,-0.024273340,
143,0.999807656,-0.001731164,0.019535810,-0.300896496,0.001713360,0.999998093,0.000928058,0.010161567,-0.019537380,-0.000894408,0.999808729,-0.024866512,
144,0.999814272,-0.001635428,0.019203985,-0.302730441,0.001619591,0.999998331,0.000840179,0.010391660,-0.019205326,-0.000808920,0.999815226,-0.025218334,
145,0.999812245,-0.002009120,0.019274103,-0.304556489,0.001991157,0.999997556,0.000951129,0.010357385,-0.019275967,-0.000912573,0.999813795,-0.025556190,
146,0.999808431,-0.001931952,0.019477786,-0.308403939,0.001914110,0.999997735,0.000934643,0.010639030,-0.019479547,-0.000897182,0.999809861,-0.026503669,
147,0.999804616,-0.002196669,0.019643651,-0.311006606,0.002178558,0.999997199,0.000943366,0.010716878,-0.019645667,-0.000900387,0.999806583,-0.026800061,
148,0.999806225,-0.002051680,0.019579099,-0.314840376,0.002031431,0.999997377,0.001054022,0.010767520,-0.019581212,-0.001014044,0.999807775,-0.027883496,
149,0.999799728,-0.001838532,0.019928390,-0.317773610,0.001815812,0.999997675,0.001158095,0.010863245,-0.019930473,-0.001121677,0.999800742,-0.028311649,
150,0.999797821,-0.002136586,0.019993730,-0.321584016,0.002111779,0.999996960,0.001261776,0.010822169,-0.019996364,-0.001219298,0.999799311,-0.029089399,
151,0.999793172,-0.002106287,0.020228202,-0.324147016,0.002081978,0.999997079,0.001222746,0.010939294,-0.020230718,-0.001180379,0.999794662,-0.029335812,
152,0.999791920,-0.001947034,0.020305492,-0.328736246,0.001923744,0.999997497,0.001166448,0.011232646,-0.020307712,-0.001127142,0.999793112,-0.029802393,
153,0.999789417,-0.002003230,0.020423837,-0.330175161,0.001979658,0.999997377,0.001174275,0.011332008,-0.020426136,-0.001133596,0.999790728,-0.029928653,
154,0.999786437,-0.002396648,0.020527653,-0.333122164,0.002370087,0.999996305,0.001318151,0.011198062,-0.020530738,-0.001269218,0.999788404,-0.030556403,
155,0.999786258,-0.002382559,0.020536948,-0.333131313,0.002356045,0.999996364,0.001315109,0.011205398,-0.020540006,-0.001266442,0.999788225,-0.030553639,
156,0.999784946,-0.002474737,0.020589856,-0.334586352,0.002444679,0.999995887,0.001484885,0.011058271,-0.020593446,-0.001434230,0.999786913,-0.031033168,
157,0.999783456,-0.002491039,0.020658990,-0.336980671,0.002461433,0.999995887,0.001458401,0.011184810,-0.020662539,-0.001407234,0.999785542,-0.031068545,
158,0.999787331,-0.002577501,0.020460563,-0.337903649,0.002546587,0.999995589,0.001536819,0.011204939,-0.020464433,-0.001484387,0.999789476,-0.031505503,
159,0.999784589,-0.002317096,0.020624792,-0.339069635,0.002285430,0.999996185,0.001558774,0.011394551,-0.020628326,-0.001511302,0.999786079,-0.031603731,
160,0.999777973,-0.001997695,0.020976832,-0.341903299,0.001966117,0.999996901,0.001525891,0.011696548,-0.020979814,-0.001484309,0.999778807,-0.032049987,
161,0.999777377,-0.002371304,0.020966599,-0.344587028,0.002337924,0.999995947,0.001616418,0.011788335,-0.020970346,-0.001567040,0.999778867,-0.032508716,
162,0.999773502,-0.002501527,0.021135457,-0.346960425,0.002466996,0.999995589,0.001659754,0.011939115,-0.021139516,-0.001607237,0.999775231,-0.032817047,
163,0.999772429,-0.002377361,0.021200640,-0.346984595,0.002343105,0.999995887,0.001640503,0.011995021,-0.021204453,-0.001590454,0.999773920,-0.032724183,
164,0.999771595,-0.002470581,0.021228138,-0.348086089,0.002435427,0.999995649,0.001681670,0.012064982,-0.021232201,-0.001629587,0.999773264,-0.032824930,
165,0.999770939,-0.002755809,0.021225650,-0.350893736,0.002720660,0.999994874,0.001684687,0.012183544,-0.021230184,-0.001626554,0.999773264,-0.033523556,
166,0.999768972,-0.002520998,0.021344643,-0.352066725,0.002483087,0.999995291,0.001802448,0.012230788,-0.021349087,-0.001749031,0.999770582,-0.033763669,
167,0.999767482,-0.002762917,0.021386508,-0.355146825,0.002722699,0.999994457,0.001909423,0.012070980,-0.021391664,-0.001850750,0.999769449,-0.034538902,
168,0.999763668,-0.002694215,0.021570731,-0.357106179,0.002653938,0.999994695,0.001895585,0.012162700,-0.021575723,-0.001837889,0.999765515,-0.034601219,
169,0.999764085,-0.002896555,0.021525741,-0.358467758,0.002856405,0.999994099,0.001895725,0.012167791,-0.021531105,-0.001833792,0.999766469,-0.034832940,
170,0.999757946,-0.002552945,0.021852095,-0.361766785,0.002512916,0.999995112,0.001859087,0.012369456,-0.021856735,-0.001803725,0.999759495,-0.035165720,
171,0.999755621,-0.002562109,0.021957539,-0.363722563,0.002524114,0.999995291,0.001757928,0.012541563,-0.021961940,-0.001702075,0.999757349,-0.035267651,
172,0.999754906,-0.002512300,0.021995882,-0.365050048,0.002469929,0.999995053,0.001953268,0.012528921,-0.022000680,-0.001898461,0.999756157,-0.035229452,
173,0.999752462,-0.002710892,0.022083614,-0.368487418,0.002669440,0.999994636,0.001906321,0.012629558,-0.022088662,-0.001846898,0.999754310,-0.035677031,
174,0.999755681,-0.003052062,0.021892427,-0.369417369,0.003008683,0.999993443,0.002014110,0.012459990,-0.021898432,-0.001947750,0.999758303,-0.035794713,
175,0.999755979,-0.002784286,0.021915482,-0.370330423,0.002742016,0.999994338,0.001958568,0.012547210,-0.021920811,-0.001897998,0.999757886,-0.035531338,
176,0.999754965,-0.002861662,0.021951336,-0.370338589,0.002820032,0.999994159,0.001927190,0.012559099,-0.021956723,-0.001864815,0.999757171,-0.035296220,
177,0.999755919,-0.002641396,0.021934349,-0.370222747,0.002601302,0.999994874,0.001856226,0.012712309,-0.021939140,-0.001798715,0.999757707,-0.034937892,
178,0.999755263,-0.002673183,0.021959716,-0.369963974,0.002630803,0.999994636,0.001958549,0.012658712,-0.021964835,-0.001900298,0.999756932,-0.035071488,
179,0.999760449,-0.002632155,0.021728449,-0.369620115,0.002589289,0.999994636,0.002000708,0.012633777,-0.021733597,-0.001943968,0.999761879,-0.034736715,
180,0.999761522,-0.002683080,0.021672286,-0.369445264,0.002639715,0.999994457,0.002029295,0.012545276,-0.021677611,-0.001971602,0.999763072,-0.034592662,
181,0.999761403,-0.002667574,0.021680610,-0.369453520,0.002623900,0.999994457,0.002042648,0.012541690,-0.021685939,-0.001985273,0.999762833,-0.034574319,
182,0.999765873,-0.002733853,0.021465333,-0.369124204,0.002689528,0.999994218,0.002093538,0.012425208,-0.021470930,-0.002035317,0.999767423,-0.034416772,
183,0.999765515,-0.002805479,0.021472229,-0.368921101,0.002764620,0.999994338,0.001932338,0.012484122,-0.021477528,-0.001872523,0.999767601,-0.033934239,
184,0.999765396,-0.002781103,0.021480339,-0.368927181,0.002740251,0.999994397,0.001931041,0.012496993,-0.021485589,-0.001871727,0.999767423,-0.033914648,
185,0.999766171,-0.002490148,0.021480219,-0.368462056,0.002449782,0.999995172,0.001905317,0.012598931,-0.021484861,-0.001852250,0.999767482,-0.033891164,
186,0.999770105,-0.002578204,0.021285634,-0.367986858,0.002542828,0.999995351,0.001688882,0.012729391,-0.021289891,-0.001634368,0.999772012,-0.033195984,
187,0.999770105,-0.002583922,0.021284144,-0.367986560,0.002548508,0.999995351,0.001690810,0.012728179,-0.021288414,-0.001636179,0.999772012,-0.033193905,
188,0.999769270,-0.002410836,0.021343566,-0.367784530,0.002374211,0.999995649,0.001741120,0.012691110,-0.021347670,-0.001690044,0.999770701,-0.033220280,
189,0.999771953,-0.002324129,0.021226969,-0.366922557,0.002292016,0.999996185,0.001537047,0.012825544,-0.021230459,-0.001488043,0.999773502,-0.032771401,
190,0.999770880,-0.002464236,0.021262644,-0.366384923,0.002432236,0.999995887,0.001530706,0.012728121,-0.021266328,-0.001478639,0.999772727,-0.032678746,
191,0.999774694,-0.002367060,0.021094242,-0.365424901,0.002334115,0.999996006,0.001586289,0.012662765,-0.021097912,-0.001536695,0.999776244,-0.032574371,
192,0.999779344,-0.002447227,0.020862292,-0.363791198,0.002415456,0.999995887,0.001547976,0.012580180,-0.020865994,-0.001497242,0.999781132,-0.032398477,
193,0.999781370,-0.002356585,0.020777056,-0.363033831,0.002326583,0.999996245,0.001468088,0.012679105,-0.020780437,-0.001419427,0.999783039,-0.032356516,
194,0.999784410,-0.002695224,0.020588707,-0.361853808,0.002666014,0.999995410,0.001446051,0.012601446,-0.020592509,-0.001390849,0.999786973,-0.032145102,
195,0.999786735,-0.002558104,0.020493053,-0.359721929,0.002528656,0.999995708,0.001462742,0.012616792,-0.020496707,-0.001410610,0.999788940,-0.032042097,
196,0.999788940,-0.002704965,0.020364309,-0.358253419,0.002679009,0.999995589,0.001301752,0.012669648,-0.020367738,-0.001246921,0.999791801,-0.031614188,
197,0.999793708,-0.002568379,0.020148627,-0.357098073,0.002538937,0.999995649,0.001486679,0.012502663,-0.020152358,-0.001435216,0.999795914,-0.031836342,
198,0.999794483,-0.002397656,0.020130290,-0.354865313,0.002366700,0.999996006,0.001561457,0.012254921,-0.020133952,-0.001513494,0.999796152,-0.031500578,
199,0.999800265,-0.002728680,0.019798571,-0.352610528,0.002696949,0.999995053,0.001629263,0.011953111,-0.019802919,-0.001575542,0.999802649,-0.031389792,
200,0.999803185,-0.002611467,0.019666731,-0.350007057,0.002585245,0.999995708,0.001358606,0.012024025,-0.019670196,-0.001307496,0.999805689,-0.030746240,
201,0.999803185,-0.002599716,0.019666869,-0.350007385,0.002573375,0.999995768,0.001364560,0.012023731,-0.019670334,-0.001313681,0.999805629,-0.030753206,
202,0.999803007,-0.002324598,0.019711867,-0.348028272,0.002296360,0.999996305,0.001455080,0.011742973,-0.019715177,-0.001409528,0.999804616,-0.030654430,
203,0.999805689,-0.002670989,0.019531310,-0.346277535,0.002648862,0.999995828,0.001158682,0.011773823,-0.019534323,-0.001106721,0.999808550,-0.029829379,
204,0.999805927,-0.002644888,0.019522978,-0.346270740,0.002622586,0.999995887,0.001167828,0.011772333,-0.019525986,-0.001116401,0.999808729,-0.029855216,
205,0.999809623,-0.002509758,0.019350601,-0.344762444,0.002482810,0.999995887,0.001416530,0.011497661,-0.019354077,-0.001368216,0.999811769,-0.030065371,
206,0.999810040,-0.002177197,0.019369109,-0.342206419,0.002149872,0.999996662,0.001431463,0.011311778,-0.019372161,-0.001389550,0.999811351,-0.029584819,
207,0.999811172,-0.002300492,0.019294588,-0.341335505,0.002275308,0.999996543,0.001327084,0.011167037,-0.019297574,-0.001282932,0.999812961,-0.029196044,
208,0.999812067,-0.002415104,0.019236863,-0.340594202,0.002388993,0.999996185,0.001380178,0.010952190,-0.019240122,-0.001333962,0.999813974,-0.028888537,
209,0.999812901,-0.002633340,0.019164318,-0.339182615,0.002608943,0.999995768,0.001297937,0.010720243,-0.019167654,-0.001247695,0.999815524,-0.028444720,
210,0.999812484,-0.002199302,0.019238258,-0.338072449,0.002175731,0.999996841,0.001246094,0.010676995,-0.019240938,-0.001204004,0.999814153,-0.027920427,
211,0.999813735,-0.002031201,0.019191889,-0.337082326,0.002007406,0.999997199,0.001259059,0.010593289,-0.019194392,-0.001220299,0.999815047,-0.027586449,
212,0.999813735,-0.002053711,0.019190092,-0.337080568,0.002029678,0.999997139,0.001271727,0.010574809,-0.019192649,-0.001232541,0.999815047,-0.027585614,
213,0.999814391,-0.001999445,0.019161787,-0.336725682,0.001977125,0.999997318,0.001183692,0.010618135,-0.019164104,-0.001145588,0.999815702,-0.027362281,
214,0.999815404,-0.002097942,0.019098872,-0.336301118,0.002078774,0.999997318,0.001023432,0.010643880,-0.019100968,-0.000983541,0.999817073,-0.026831189,
215,0.999814808,-0.002085600,0.019132091,-0.335998505,0.002066346,0.999997318,0.001026077,0.010551068,-0.019134179,-0.000986353,0.999816418,-0.027013849,
216,0.999814987,-0.002061800,0.019125154,-0.335722655,0.002042146,0.999997377,0.001047099,0.010513936,-0.019127263,-0.001007849,0.999816537,-0.026647026,
217,0.999817610,-0.001941119,0.018999254,-0.335015833,0.001926315,0.999997854,0.000797411,0.010681995,-0.019000761,-0.000760667,0.999819160,-0.026718896,
218,0.999821007,-0.002001246,0.018814320,-0.334481418,0.001986320,0.999997675,0.000811949,0.010715559,-0.018815901,-0.000774433,0.999822676,-0.026841130,
219,0.999821782,-0.002213582,0.018748643,-0.334051043,0.002198352,0.999997258,0.000832937,0.010576651,-0.018750435,-0.000791573,0.999823868,-0.027197246,
220,0.999822676,-0.002021736,0.018721368,-0.333503604,0.002004791,0.999997556,0.000923833,0.010412360,-0.018723190,-0.000886137,0.999824286,-0.027267929,
221,0.999821901,-0.001976098,0.018767493,-0.333177328,0.001959218,0.999997675,0.000917767,0.010252046,-0.018769262,-0.000880834,0.999823451,-0.027199470,
222,0.999822676,-0.002264955,0.018693127,-0.332364291,0.002247211,0.999997020,0.000970139,0.009842687,-0.018695267,-0.000927960,0.999824822,-0.027343089,
223,0.999825120,-0.002069668,0.018584730,-0.331660360,0.002054218,0.999997556,0.000850351,0.009880271,-0.018586446,-0.000812026,0.999826908,-0.026957365,
224,0.999826610,-0.002157870,0.018494552,-0.330129921,0.002142756,0.999997377,0.000836956,0.009780910,-0.018496310,-0.000797181,0.999828637,-0.026586698,
225,0.999825120,-0.002065168,0.018587016,-0.329502672,0.002050460,0.999997556,0.000810340,0.009807938,-0.018588644,-0.000772086,0.999826908,-0.026288996,
226,0.999827921,-0.002118474,0.018429982,-0.328647017,0.002104657,0.999997497,0.000769080,0.009758282,-0.018431565,-0.000730159,0.999829829,-0.026067730,
227,0.999831855,-0.002095629,0.018217135,-0.326371789,0.002082925,0.999997556,0.000716301,0.009641903,-0.018218592,-0.000678236,0.999833822,-0.025480596,
228,0.999833167,-0.002208259,0.018130666,-0.324990749,0.002198524,0.999997437,0.000556888,0.009716344,-0.018131848,-0.000516935,0.999835491,-0.025159882,
229,0.999835789,-0.002116896,0.017998880,-0.323750108,0.002105656,0.999997556,0.000643423,0.009690118,-0.018000199,-0.000605418,0.999837816,-0.024929512,
230,0.999838948,-0.002245450,0.017806547,-0.321349293,0.002236046,0.999997377,0.000548062,0.009748353,-0.017807731,-0.000508158,0.999841273,-0.024561532,
231,0.999845684,-0.002435523,0.017398788,-0.317908764,0.002427946,0.999996960,0.000456631,0.009716283,-0.017399848,-0.000414318,0.999848545,-0.024150474,
232,0.999848962,-0.002477089,0.017202428,-0.315035611,0.002471541,0.999996901,0.000343776,0.009737307,-0.017203225,-0.000301208,0.999851942,-0.023619777,
233,0.999848962,-0.002502554,0.017197192,-0.315037310,0.002497280,0.999996841,0.000328117,0.009742674,-0.017197959,-0.000285121,0.999852061,-0.023622792,
234,0.999850690,-0.002549338,0.017089937,-0.313021630,0.002542986,0.999996662,0.000393371,0.009579217,-0.017090883,-0.000349852,0.999853849,-0.023523100,
235,0.999851346,-0.002176870,0.017104037,-0.310010284,0.002173007,0.999997616,0.000244442,0.009539413,-0.017104527,-0.000207239,0.999853671,-0.023081535,
236,0.999852359,-0.002002490,0.017066514,-0.308649659,0.001996162,0.999997914,0.000387798,0.009306603,-0.017067255,-0.000353673,0.999854267,-0.023251081,
237,0.999855638,-0.002134787,0.016858319,-0.306790560,0.002130850,0.999997675,0.000251463,0.009192128,-0.016858818,-0.000215504,0.999857843,-0.022851754,
238,0.999857783,-0.002064642,0.016739327,-0.303969800,0.002061125,0.999997854,0.000227342,0.008978333,-0.016739761,-0.000192808,0.999859869,-0.022371899,
239,0.999858022,-0.002018542,0.016728565,-0.302848965,0.002015747,0.999997973,0.000183953,0.008820088,-0.016728902,-0.000150207,0.999860048,-0.022330532,
240,0.999860048,-0.002040045,0.016604753,-0.300541580,0.002038847,0.999997914,0.000089066,0.008509654,-0.016604900,-0.000055199,0.999862134,-0.021822065,
241,0.999861062,-0.001864922,0.016565721,-0.299288541,0.001862884,0.999998271,0.000138456,0.008477123,-0.016565951,-0.000107577,0.999862790,-0.021853888,
242,0.999865770,-0.002068239,0.016252546,-0.297294766,0.002068562,0.999997854,-0.000003055,0.008551807,-0.016252505,0.000036674,0.999867916,-0.021676403,
243,0.999869108,-0.002033769,0.016052168,-0.294162542,0.002031624,0.999997914,0.000149906,0.008474846,-0.016052440,-0.000117275,0.999871135,-0.021503998,
244,0.999870539,-0.001947041,0.015974114,-0.292649508,0.001945212,0.999998093,0.000130048,0.008465509,-0.015974337,-0.000098958,0.999872386,-0.021155940,
245,0.999873698,-0.001904889,0.015779193,-0.288880855,0.001904733,0.999998212,0.000024910,0.008287747,-0.015779212,0.000005149,0.999875486,-0.020277370,
246,0.999876380,-0.002297002,0.015554625,-0.286386907,0.002298093,0.999997377,-0.000052250,0.008090964,-0.015554463,0.000087990,0.999879003,-0.019966990,
247,0.999880791,-0.002196745,0.015284135,-0.282420725,0.002197174,0.999997616,-0.000011250,0.007821161,-0.015284074,0.000044830,0.999883175,-0.019564336,
248,0.999883890,-0.002250142,0.015070050,-0.280265570,0.002249272,0.999997497,0.000074656,0.007627172,-0.015070179,-0.000040750,0.999886453,-0.019317567,
249,0.999885321,-0.002031643,0.015008380,-0.277645350,0.002033300,0.999997914,-0.000095127,0.007692382,-0.015008155,0.000125633,0.999887347,-0.018841468,
250,0.999888778,-0.001871411,0.014795133,-0.273896575,0.001870471,0.999998271,0.000077326,0.007440121,-0.014795252,-0.000049643,0.999890566,-0.018633004,
251,0.999892652,-0.002049497,0.014507822,-0.270981252,0.002050193,0.999997914,-0.000033143,0.007430747,-0.014507724,0.000062884,0.999894738,-0.018180896,
252,0.999894917,-0.001956405,0.014366116,-0.267064065,0.001957631,0.999998093,-0.000071270,0.007497100,-0.014365949,0.000099386,0.999896824,-0.018172085,
253,0.999897897,-0.001879752,0.014165671,-0.265080631,0.001881212,0.999998212,-0.000089695,0.007543846,-0.014165477,0.000116335,0.999899685,-0.017930033,
254,0.999903858,-0.002110816,0.013703103,-0.259957373,0.002111375,0.999997795,-0.000026277,0.007392351,-0.013703017,0.000055206,0.999906123,-0.017729454,
255,0.999903560,-0.002266779,0.013701983,-0.257799268,0.002269346,0.999997437,-0.000171811,0.007451678,-0.013701558,0.000202889,0.999906123,-0.017692873,
256,0.999906301,-0.002207970,0.013510844,-0.255609751,0.002210250,0.999997556,-0.000153860,0.007425677,-0.013510471,0.000183708,0.999908686,-0.017602483,
257,0.999910295,-0.002020888,0.013241676,-0.250534773,0.002024791,0.999997914,-0.000281340,0.007621787,-0.013241080,0.000308126,0.999912262,-0.017186554,
258,0.999913394,-0.002097648,0.012994247,-0.247735947,0.002101106,0.999997735,-0.000252417,0.007607864,-0.012993688,0.000279698,0.999915540,-0.017306250,
259,0.999914706,-0.002144806,0.012885522,-0.243942469,0.002147614,0.999997675,-0.000204085,0.007477019,-0.012885054,0.000231741,0.999916971,-0.017489128,
260,0.999917448,-0.002121536,0.012671693,-0.241370603,0.002123118,0.999997735,-0.000111436,0.007365196,-0.012671429,0.000138331,0.999919713,-0.017460017,
261,0.999921441,-0.001990242,0.012377461,-0.237662748,0.001988422,0.999998033,0.000159356,0.006985195,-0.012377754,-0.000134732,0.999923408,-0.017499713,
262,0.999922037,-0.002051583,0.012319049,-0.235895693,0.002050161,0.999997914,0.000128068,0.006895177,-0.012319286,-0.000102802,0.999924123,-0.017345391,
263,0.999923706,-0.002232522,0.012148807,-0.233473867,0.002231374,0.999997497,0.000108045,0.006865147,-0.012149017,-0.000080929,0.999926209,-0.017492460,
264,0.999926805,-0.001878216,0.011950811,-0.229956254,0.001874638,0.999998212,0.000310587,0.006795325,-0.011951373,-0.000288161,0.999928534,-0.017251587,
265,0.999929130,-0.001762325,0.011775433,-0.227315679,0.001758761,0.999998391,0.000312983,0.006734726,-0.011775967,-0.000292250,0.999930620,-0.016837221,
266,0.999932051,-0.001898050,0.011499630,-0.223666236,0.001893150,0.999998093,0.000436950,0.006348778,-0.011500439,-0.000415150,0.999933779,-0.016704150,
267,0.999931455,-0.002156938,0.011509748,-0.221938133,0.002152562,0.999997616,0.000392629,0.006297169,-0.011510568,-0.000367827,0.999933660,-0.016002839,
268,0.999935448,-0.002193621,0.011149657,-0.219021499,0.002190810,0.999997556,0.000264329,0.006340865,-0.011150209,-0.000239885,0.999937832,-0.015663996,
269,0.999936879,-0.001950466,0.011066929,-0.214787453,0.001947525,0.999998093,0.000276504,0.006400878,-0.011067447,-0.000254934,0.999938726,-0.015138673,
270,0.999937892,-0.001903571,0.010979593,-0.212963581,0.001900191,0.999998152,0.000318221,0.006341214,-0.010980178,-0.000297338,0.999939680,-0.015102102,
271,0.999939740,-0.001855260,0.010821172,-0.208757520,0.001851271,0.999998212,0.000378566,0.006140153,-0.010821855,-0.000358510,0.999941349,-0.014416682,
272,0.999948561,-0.001946613,0.009956027,-0.199199498,0.001942882,0.999998033,0.000384461,0.006018634,-0.009956756,-0.000365097,0.999950349,-0.013832758,
273,0.999952555,-0.001921035,0.009548836,-0.193638235,0.001915674,0.999997973,0.000570556,0.005850866,-0.009549914,-0.000552236,0.999954224,-0.013384834,
274,0.999953985,-0.001901430,0.009399807,-0.191263378,0.001895387,0.999997973,0.000651756,0.005723546,-0.009401028,-0.000633910,0.999955595,-0.013416509,
275,0.999955475,-0.001824935,0.009256748,-0.186616272,0.001819132,0.999998152,0.000635266,0.005616569,-0.009257890,-0.000618398,0.999956965,-0.012809291,
276,0.999959171,-0.001922571,0.008830394,-0.183050126,0.001916728,0.999997914,0.000670141,0.005458320,-0.008831664,-0.000653188,0.999960780,-0.012394061,
277,0.999961138,-0.001920027,0.008602041,-0.177465469,0.001912998,0.999997854,0.000825234,0.005164949,-0.008603606,-0.000808747,0.999962687,-0.011490900,
278,0.999962986,-0.001841689,0.008403732,-0.172749877,0.001835812,0.999998093,0.000706973,0.005063926,-0.008405018,-0.000691519,0.999964416,-0.010515810,
279,0.999967635,-0.001736861,0.007855996,-0.166479781,0.001731939,0.999998271,0.000633229,0.004909595,-0.007857082,-0.000619602,0.999968946,-0.009311175,
280,0.999967635,-0.001746733,0.007856934,-0.166476399,0.001741662,0.999998271,0.000652131,0.004889721,-0.007858059,-0.000638426,0.999968946,-0.009349283,
281,0.999970019,-0.001925663,0.007502724,-0.162421018,0.001920474,0.999997914,0.000698792,0.004741079,-0.007504054,-0.000684362,0.999971628,-0.008640368,
282,0.999971986,-0.001421898,0.007347215,-0.155718401,0.001417092,0.999998808,0.000659257,0.004571854,-0.007348143,-0.000648826,0.999972820,-0.007350633,
283,0.999974430,-0.001701573,0.006947110,-0.152589038,0.001696135,0.999998271,0.000788543,0.004297374,-0.006948439,-0.000776739,0.999975562,-0.007116063,
