3,1.00000000,0.00000421,-0.00018294,-0.01282504,-0.00000412,0.99999988,0.00046441,0.00199973,0.00018294,-0.00046441,0.99999988,-0.00408399,
7,0.99967945,-0.02168467,-0.01306693,-0.00085236,0.02185227,0.99967897,0.01282337,-0.01238486,0.01278467,-0.01310481,0.99983239,-0.00658901,
8,0.99946237,-0.02791416,-0.01719818,-0.00127412,0.02819786,0.99946648,0.01648061,-0.01596855,0.01672896,-0.01695671,0.99971628,-0.00860794,
9,0.99908048,-0.03635826,-0.02272069,-0.00139170,0.03684152,0.99909568,0.02122584,-0.02074785,0.02192841,-0.02204339,0.99951649,-0.01103150,
10,0.99820966,-0.05055396,-0.03196579,-0.00167558,0.05148931,0.99824810,0.02914754,-0.02888486,0.03043626,-0.03074125,0.99906385,-0.01506983,
11,0.99769783,-0.05740849,-0.03610175,-0.00155153,0.05860129,0.99773926,0.03289807,-0.03282328,0.03413150,-0.03493794,0.99880648,-0.01605578,
12,0.99624348,-0.07346968,-0.04583773,-0.00191023,0.07541913,0.99625194,0.04235605,-0.04279148,0.04255404,-0.04565398,0.99805051,-0.01974596,
13,0.99560899,-0.07928567,-0.04976508,-0.00222530,0.08153927,0.99565303,0.04501545,-0.04535436,0.04597967,-0.04887559,0.99774599,-0.02233518,
16,0.99999964,-0.00000437,0.00084366,-0.01170895,0.00000411,0.99999994,0.00030481,0.00138382,-0.00084366,-0.00030481,0.99999958,-0.00310766,
17,0.99999952,-0.00016928,0.00096696,-0.01668386,0.00016878,0.99999982,0.00052432,0.00188182,-0.00096705,-0.00052416,0.99999940,-0.00470633,
18,0.99999839,-0.00045655,0.00173471,-0.02893056,0.00045559,0.99999976,0.00055446,0.00337375,-0.00173496,-0.00055367,0.99999833,-0.00737848,
19,0.99999779,-0.00083851,0.00191640,-0.04069867,0.00083739,0.99999946,0.00058192,0.00514453,-0.00191689,-0.00058031,0.99999797,-0.01011431,
20,0.99999541,-0.00088151,0.00289023,-0.05356878,0.00087952,0.99999940,0.00068932,0.00698847,-0.00289083,-0.00068678,0.99999559,-0.01310545,
21,0.99999350,-0.00040111,0.00358295,-0.05432960,0.00039940,0.99999982,0.00047827,0.00721067,-0.00358314,-0.00047683,0.99999344,-0.01278147,
22,0.99999291,-0.00079634,0.00368935,-0.05964798,0.00079568,0.99999964,0.00017857,0.00844540,-0.00368949,-0.00017564,0.99999321,-0.01363366,
23,0.99998868,-0.00060514,0.00472404,-0.07330840,0.00060256,0.99999964,0.00054703,0.00994575,-0.00472437,-0.00054418,0.99998868,-0.01714537,
24,0.99998522,-0.00117522,0.00531177,-0.07971691,0.00117751,0.99999923,-0.00042793,0.01167997,-0.00531126,0.00043418,0.99998581,-0.01680846,
25,0.99997795,-0.00117827,0.00653917,-0.09620664,0.00118165,0.99999917,-0.00051395,0.01366474,-0.00653856,0.00052166,0.99997848,-0.02047283,
26,0.99997824,-0.00131465,0.00646388,-0.10197392,0.00131749,0.99999905,-0.00043457,0.01436127,-0.00646330,0.00044307,0.99997902,-0.02117801,
27,0.99996990,-0.00152844,0.00760820,-0.11713637,0.00153078,0.99999881,-0.00030219,0.01589945,-0.00760773,0.00031382,0.99997103,-0.02440463,
28,0.99997109,-0.00142314,0.00747176,-0.12340616,0.00142866,0.99999869,-0.00073291,0.01704545,-0.00747071,0.00074357,0.99997181,-0.02525590,
29,0.99996912,-0.00159581,0.00769153,-0.13398254,0.00160290,0.99999827,-0.00091569,0.01861765,-0.00769005,0.00092799,0.99997002,-0.02708894,
30,0.99996698,-0.00144769,0.00799442,-0.13777030,0.00145047,0.99999887,-0.00034221,0.01859739,-0.00799392,0.00035379,0.99996799,-0.02824211,
31,0.99995357,-0.00118863,0.00956400,-0.14786814,0.00119169,0.99999923,-0.00031471,0.01988715,-0.00956362,0.00032609,0.99995422,-0.03035050,
32,0.99993861,-0.00140481,0.01099178,-0.15490468,0.00141033,0.99999887,-0.00049509,0.02070615,-0.01099107,0.00051057,0.99993944,-0.03119024,
33,0.99994570,-0.00161137,0.01029369,-0.16146013,0.00161651,0.99999857,-0.00049084,0.02165438,-0.01029289,0.00050745,0.99994689,-0.03329138,
34,0.99994493,-0.00159537,0.01037394,-0.16508934,0.00159789,0.99999869,-0.00023490,0.02208370,-0.01037355,0.00025147,0.99994618,-0.03398611,
35,0.99993008,-0.00167743,0.01170602,-0.17200625,0.00168367,0.99999845,-0.00052309,0.02360566,-0.01170512,0.00054276,0.99993134,-0.03471933,
36,0.99992615,-0.00203400,0.01197961,-0.17736100,0.00204116,0.99999774,-0.00058573,0.02423417,-0.01197840,0.00061014,0.99992806,-0.03531320,
37,0.99992847,-0.00186541,0.01181443,-0.18022487,0.00186655,0.99999827,-0.00008495,0.02404973,-0.01181425,0.00010700,0.99993020,-0.03709414,
38,0.99992043,-0.00195516,0.01246194,-0.18699557,0.00195415,0.99999809,0.00009321,0.02456163,-0.01246210,-0.00006885,0.99992234,-0.03806894,
39,0.99991131,-0.00189831,0.01318128,-0.18991968,0.00189745,0.99999821,0.00007773,0.02479823,-0.01318141,-0.00005271,0.99991310,-0.03837469,
40,0.99990624,-0.00198499,0.01354869,-0.19600782,0.00198451,0.99999803,0.00004910,0.02530299,-0.01354876,-0.00002220,0.99990821,-0.03897007,
41,0.99991250,-0.00221458,0.01304129,-0.19808306,0.00221360,0.99999756,0.00008982,0.02536346,-0.01304146,-0.00006095,0.99991494,-0.03952550,
42,0.99990702,-0.00217134,0.01346101,-0.20538750,0.00216578,0.99999756,0.00042746,0.02528629,-0.01346190,-0.00039826,0.99990928,-0.04046350,
43,0.99990427,-0.00239034,0.01362999,-0.20846361,0.00238736,0.99999714,0.00023481,0.02590690,-0.01363051,-0.00020225,0.99990708,-0.04043260,
44,0.99990284,-0.00243560,0.01372326,-0.21474168,0.00243591,0.99999702,-0.00000583,0.02761293,-0.01372320,0.00003926,0.99990582,-0.04084352,
45,0.99991226,-0.00251239,0.01300552,-0.21675925,0.00251526,0.99999684,-0.00020413,0.02853267,-0.01300497,0.00023682,0.99991542,-0.04045319,
46,0.99990356,-0.00242756,0.01367496,-0.22190864,0.00243116,0.99999702,-0.00024625,0.02954542,-0.01367432,0.00027948,0.99990648,-0.04104728,
47,0.99990016,-0.00259272,0.01389185,-0.23007411,0.00259396,0.99999666,-0.00007122,0.03036380,-0.01389162,0.00010725,0.99990350,-0.04255833,
48,0.99989069,-0.00229890,0.01460733,-0.23579299,0.00230291,0.99999732,-0.00025719,0.03093804,-0.01460670,0.00029081,0.99989325,-0.04316312,
49,0.99988639,-0.00252844,0.01486054,-0.24361376,0.00253516,0.99999672,-0.00043395,0.03158928,-0.01485939,0.00047157,0.99988949,-0.04380673,
50,0.99988467,-0.00249365,0.01498281,-0.24790984,0.00250449,0.99999660,-0.00070474,0.03216705,-0.01498100,0.00074218,0.99988753,-0.04481824,
51,0.99988914,-0.00297996,0.01458721,-0.25521907,0.00298885,0.99999535,-0.00058767,0.03224008,-0.01458539,0.00063121,0.99989343,-0.04638714,
52,0.99988401,-0.00291513,0.01495013,-0.26149154,0.00292100,0.99999565,-0.00037083,0.03183138,-0.01494898,0.00041446,0.99988818,-0.04749277,
53,0.99988222,-0.00336221,0.01497302,-0.26911122,0.00336625,0.99999428,-0.00024464,0.03148666,-0.01497211,0.00029501,0.99988788,-0.04806351,
54,0.99988306,-0.00336223,0.01491871,-0.26905802,0.00336783,0.99999428,-0.00034973,0.03159884,-0.01491745,0.00039994,0.99988866,-0.04807878,
55,0.99988991,-0.00327961,0.01447210,-0.27164325,0.00328809,0.99999446,-0.00056187,0.03180056,-0.01447017,0.00060940,0.99989510,-0.04832937,
56,0.99989092,-0.00307063,0.01444685,-0.27628458,0.00307945,0.99999511,-0.00058817,0.03185035,-0.01444498,0.00063259,0.99989545,-0.04858698,
57,0.99989343,-0.00333886,0.01421222,-0.27816129,0.00334985,0.99999410,-0.00074987,0.03177738,-0.01420963,0.00079740,0.99989873,-0.04842848,
58,0.99988729,-0.00334004,0.01463904,-0.28209108,0.00334969,0.99999416,-0.00063532,0.03173023,-0.01463683,0.00068428,0.99989265,-0.04876278,
59,0.99988937,-0.00320421,0.01452376,-0.28295967,0.00321283,0.99999470,-0.00057034,0.03179664,-0.01452186,0.00061694,0.99989438,-0.04901125,
60,0.99987668,-0.00324593,0.01536532,-0.28449589,0.00326012,0.99999428,-0.00089848,0.03221914,-0.01536232,0.00094846,0.99988157,-0.04855864,
61,0.99987972,-0.00345269,0.01512017,-0.28529635,0.00346435,0.99999374,-0.00074512,0.03232270,-0.01511750,0.00079741,0.99988538,-0.04858033,
62,0.99987537,-0.00329430,0.01544087,-0.28623608,0.00330632,0.99999428,-0.00075272,0.03253292,-0.01543830,0.00080368,0.99988049,-0.04868865,
63,0.99986565,-0.00346135,0.01602194,-0.28875050,0.00347023,0.99999386,-0.00052639,0.03211728,-0.01602002,0.00058192,0.99987149,-0.04934953,
64,0.99986571,-0.00322271,0.01606751,-0.28970122,0.00323480,0.99999452,-0.00072624,0.03244575,-0.01606508,0.00077812,0.99987066,-0.04948786,
65,0.99987060,-0.00355309,0.01568821,-0.29016551,0.00356196,0.99999350,-0.00053753,0.03245733,-0.01568620,0.00059334,0.99987680,-0.05025584,
66,0.99986923,-0.00347970,0.01579334,-0.29083151,0.00349631,0.99999338,-0.00102419,0.03325571,-0.01578967,0.00107927,0.99987477,-0.05044652,
67,0.99986237,-0.00306517,0.01630540,-0.29143912,0.00308420,0.99999458,-0.00114185,0.03361846,-0.01630181,0.00119198,0.99986643,-0.05070981,
68,0.99986768,-0.00315388,0.01596032,-0.29133663,0.00317121,0.99999440,-0.00106120,0.03366095,-0.01595689,0.00111167,0.99987209,-0.05150038,
69,0.99986476,-0.00310798,0.01615122,-0.29166189,0.00312061,0.99999487,-0.00075695,0.03343722,-0.01614879,0.00080725,0.99986929,-0.05185300,
70,0.99986833,-0.00331296,0.01588613,-0.29157624,0.00332973,0.99999392,-0.00102930,0.03390415,-0.01588263,0.00108206,0.99987328,-0.05207135,
71,0.99986672,-0.00341724,0.01596483,-0.29168487,0.00342636,0.99999398,-0.00054359,0.03337243,-0.01596288,0.00059822,0.99987239,-0.05284344,
72,0.99987143,-0.00351037,0.01564782,-0.29113138,0.00352436,0.99999344,-0.00086684,0.03382082,-0.01564467,0.00092187,0.99987721,-0.05294898,
73,0.99987477,-0.00382796,0.01535602,-0.28971162,0.00384063,0.99999231,-0.00079564,0.03375242,-0.01535286,0.00085452,0.99988174,-0.05292441,
74,0.99987149,-0.00384604,0.01556227,-0.28829584,0.00386399,0.99999189,-0.00112330,0.03406237,-0.01555782,0.00118329,0.99987829,-0.05245258,
75,0.99986976,-0.00335378,0.01578686,-0.28696686,0.00337106,0.99999374,-0.00106791,0.03374730,-0.01578318,0.00112099,0.99987483,-0.05216214,
76,0.99987996,-0.00396803,0.01497865,-0.28457582,0.00397777,0.99999189,-0.00062115,0.03282665,-0.01497606,0.00068066,0.99988765,-0.05209814,
77,0.99988055,-0.00359341,0.01503385,-0.28175765,0.00361410,0.99999255,-0.00134947,0.03320877,-0.01502888,0.00140364,0.99988610,-0.05099331,
78,0.99988407,-0.00376439,0.01475381,-0.27955315,0.00378085,0.99999225,-0.00108743,0.03266088,-0.01474961,0.00114309,0.99989057,-0.05062430,
79,0.99989021,-0.00380101,0.01432284,-0.27679005,0.00381151,0.99999249,-0.00070577,0.03195885,-0.01432005,0.00076029,0.99989718,-0.05080707,
80,0.99989450,-0.00348424,0.01410342,-0.27013662,0.00349841,0.99999338,-0.00098015,0.03229706,-0.01409991,0.00102939,0.99990004,-0.04950547,
81,0.99990141,-0.00398417,0.01346552,-0.26525971,0.00399708,0.99999160,-0.00093200,0.03190832,-0.01346169,0.00098573,0.99990892,-0.04907696,
82,0.99990660,-0.00376910,0.01313598,-0.25743887,0.00377666,0.99999273,-0.00055048,0.03080028,-0.01313381,0.00060004,0.99991357,-0.04821932,
83,0.99989986,-0.00387244,0.01361225,-0.25272712,0.00388714,0.99999189,-0.00105421,0.03057748,-0.01360806,0.00110702,0.99990678,-0.04679025,
84,0.99990386,-0.00388325,0.01330966,-0.24882637,0.00389767,0.99999183,-0.00105784,0.02993793,-0.01330544,0.00110962,0.99991089,-0.04623052,
85,0.99991333,-0.00402352,0.01253424,-0.23924696,0.00403368,0.99999154,-0.00078564,0.02829578,-0.01253097,0.00083613,0.99992114,-0.04524876,
86,0.99992520,-0.00369926,0.01165590,-0.23254524,0.00370931,0.99999279,-0.00084067,0.02776256,-0.01165270,0.00088385,0.99993169,-0.04461525,
87,0.99992234,-0.00357482,0.01194111,-0.22837283,0.00358586,0.99999315,-0.00090344,0.02748182,-0.01193780,0.00094618,0.99992830,-0.04350925,
88,0.99991924,-0.00372442,0.01215165,-0.22149804,0.00373467,0.99999267,-0.00082099,0.02633787,-0.01214850,0.00086630,0.99992585,-0.04264662,
89,0.99992341,-0.00365270,0.01182516,-0.21841824,0.00366291,0.99999297,-0.00084178,0.02602736,-0.01182200,0.00088503,0.99992973,-0.04215124,
90,0.99993318,-0.00354498,0.01100125,-0.20905758,0.00355220,0.99999350,-0.00063674,0.02501825,-0.01099892,0.00067577,0.99993926,-0.04052558,
91,0.99993539,-0.00347972,0.01081911,-0.20540705,0.00348850,0.99999362,-0.00079248,0.02484034,-0.01081628,0.00083017,0.99994117,-0.03977126,
92,0.99993265,-0.00349475,0.01106517,-0.19875684,0.00350423,0.99999350,-0.00083782,0.02410081,-0.01106217,0.00087654,0.99993843,-0.03827435,
93,0.99993300,-0.00317809,0.01113089,-0.19655883,0.00318653,0.99999464,-0.00074023,0.02369375,-0.01112847,0.00077565,0.99993777,-0.03771526,
94,0.99993360,-0.00352854,0.01096797,-0.19379596,0.00353811,0.99999338,-0.00085263,0.02341191,-0.01096489,0.00089138,0.99993950,-0.03721734,
95,0.99993753,-0.00341594,0.01064041,-0.18902591,0.00342444,0.99999386,-0.00078107,0.02286777,-0.01063768,0.00081746,0.99994308,-0.03625116,
96,0.99993956,-0.00360610,0.01038628,-0.18629472,0.00361236,0.99999332,-0.00058350,0.02232808,-0.01038410,0.00062098,0.99994588,-0.03588244,
97,0.99993670,-0.00340310,0.01072502,-0.18287738,0.00341034,0.99999398,-0.00065702,0.02197358,-0.01072272,0.00069355,0.99994224,-0.03485518,
98,0.99993879,-0.00334440,0.01054927,-0.18073709,0.00335204,0.99999416,-0.00070717,0.02178249,-0.01054685,0.00074249,0.99994409,-0.03462848,
99,0.99993795,-0.00328661,0.01064276,-0.17826959,0.00329319,0.99999440,-0.00060017,0.02152616,-0.01064072,0.00063518,0.99994320,-0.03411395,
100,0.99994075,-0.00351262,0.01030365,-0.17595600,0.00351838,0.99999368,-0.00054183,0.02127813,-0.01030168,0.00057805,0.99994677,-0.03390946,
101,0.99994588,-0.00365629,0.00974060,-0.17173927,0.00366326,0.99999303,-0.00069776,0.02117325,-0.00973798,0.00073340,0.99995232,-0.03332387,
102,0.99994487,-0.00344234,0.00992002,-0.16975129,0.00344887,0.99999386,-0.00064171,0.02117377,-0.00991775,0.00067589,0.99995059,-0.03307329,
103,0.99994516,-0.00323123,0.00996337,-0.16555336,0.00324144,0.99999422,-0.00100861,0.02185653,-0.00996005,0.00104085,0.99994987,-0.03262808,
104,0.99994963,-0.00342707,0.00943630,-0.16318974,0.00343198,0.99999398,-0.00050378,0.02126473,-0.00943451,0.00053614,0.99995536,-0.03318198,
105,0.99995100,-0.00327618,0.00934248,-0.15740222,0.00328223,0.99999440,-0.00063138,0.02092652,-0.00934036,0.00066202,0.99995613,-0.03214933,
106,0.99995309,-0.00326942,0.00911473,-0.15259825,0.00327691,0.99999428,-0.00080774,0.02048463,-0.00911204,0.00083757,0.99995816,-0.03163707,
107,0.99995196,-0.00323504,0.00925118,-0.14831011,0.00324196,0.99999446,-0.00073402,0.01993617,-0.00924875,0.00076397,0.99995697,-0.03106874,
108,0.99995190,-0.00323679,0.00925888,-0.14831758,0.00324395,0.99999446,-0.00075833,0.01996173,-0.00925638,0.00078832,0.99995685,-0.03104998,
109,0.99995255,-0.00324696,0.00918309,-0.14559244,0.00325292,0.99999452,-0.00063420,0.01953677,-0.00918098,0.00066404,0.99995762,-0.03096013,
110,0.99996150,-0.00327419,0.00814102,-0.13929984,0.00327899,0.99999446,-0.00057626,0.01929407,-0.00813909,0.00060293,0.99996668,-0.03034537,
111,0.99996156,-0.00329343,0.00812930,-0.13719030,0.00329751,0.99999446,-0.00048859,0.01913416,-0.00812765,0.00051537,0.99996686,-0.03024990,
112,0.99996394,-0.00344617,0.00776280,-0.13265935,0.00345061,0.99999392,-0.00055863,0.01900123,-0.00776083,0.00058539,0.99996972,-0.02981777,
113,0.99996698,-0.00314179,0.00749488,-0.12933850,0.00314570,0.99999493,-0.00051001,0.01881285,-0.00749324,0.00053357,0.99997181,-0.02951214,
114,0.99996996,-0.00312258,0.00709485,-0.12279160,0.00312629,0.99999499,-0.00051289,0.01840803,-0.00709321,0.00053505,0.99997473,-0.02877408,
115,0.99997216,-0.00321100,0.00673290,-0.11891287,0.00321451,0.99999470,-0.00051107,0.01802018,-0.00673122,0.00053270,0.99997723,-0.02810714,
116,0.99997354,-0.00312167,0.00656955,-0.11350983,0.00312295,0.99999511,-0.00018568,0.01734439,-0.00656894,0.00020619,0.99997842,-0.02795008,
117,0.99997759,-0.00315047,0.00591000,-0.10927402,0.00315168,0.99999499,-0.00019571,0.01723436,-0.00590935,0.00021433,0.99998254,-0.02773792,
118,0.99997622,-0.00296552,0.00622709,-0.10501035,0.00296814,0.99999553,-0.00041176,0.01742185,-0.00622584,0.00043024,0.99998051,-0.02739331,
119,0.99997807,-0.00305218,0.00588111,-0.10156004,0.00305458,0.99999523,-0.00039878,0.01728361,-0.00587987,0.00041673,0.99998266,-0.02701412,
120,0.99998194,-0.00319540,0.00508685,-0.09539658,0.00319809,0.99999475,-0.00052028,0.01706715,-0.00508516,0.00053653,0.99998695,-0.02665162,
121,0.99998373,-0.00309636,0.00478952,-0.09186203,0.00309742,0.99999517,-0.00021275,0.01651794,-0.00478883,0.00022758,0.99998850,-0.02642808,
122,0.99998534,-0.00310735,0.00443214,-0.08559819,0.00310827,0.99999517,-0.00020252,0.01598226,-0.00443149,0.00021629,0.99999017,-0.02575467,
123,0.99998528,-0.00314363,0.00442925,-0.08294881,0.00314473,0.99999505,-0.00024089,0.01575503,-0.00442847,0.00025481,0.99999017,-0.02540375,
124,0.99998808,-0.00305335,0.00380964,-0.07479343,0.00305530,0.99999523,-0.00050496,0.01582937,-0.00380808,0.00051659,0.99999261,-0.02475204,
125,0.99999017,-0.00307049,0.00320240,-0.07076792,0.00307190,0.99999517,-0.00043326,0.01554177,-0.00320106,0.00044310,0.99999475,-0.02443455,
126,0.99999166,-0.00308889,0.00267523,-0.06151720,0.00309002,0.99999511,-0.00041684,0.01474849,-0.00267393,0.00042511,0.99999636,-0.02383916,
127,0.99999297,-0.00297403,0.00227974,-0.05683303,0.00297473,0.99999553,-0.00030407,0.01432819,-0.00227882,0.00031085,0.99999738,-0.02324306,
128,0.99999309,-0.00282953,0.00242367,-0.04797615,0.00283027,0.99999595,-0.00030454,0.01349070,-0.00242280,0.00031140,0.99999702,-0.02243450,
129,0.99999362,-0.00288013,0.00212028,-0.04453069,0.00288069,0.99999583,-0.00025976,0.01305752,-0.00211952,0.00026587,0.99999774,-0.02200019,
130,0.99999529,-0.00278803,0.00129663,-0.03562576,0.00278808,0.99999613,-0.00003717,0.01201462,-0.00129652,0.00004078,0.99999917,-0.02156913,
131,0.99999481,-0.00287633,0.00143071,-0.03186443,0.00287675,0.99999583,-0.00028659,0.01206561,-0.00142988,0.00029070,0.99999893,-0.02056334,
132,0.99999523,-0.00270525,0.00149752,-0.02494037,0.00270582,0.99999624,-0.00038029,0.01152836,-0.00149648,0.00038434,0.99999881,-0.01955249,
133,0.99999624,-0.00248752,0.00112487,-0.02172763,0.00248798,0.99999684,-0.00040380,0.01136112,-0.00112387,0.00040660,0.99999928,-0.01909589,
134,0.99999660,-0.00258050,0.00040824,-0.01334481,0.00258077,0.99999642,-0.00067702,0.01105906,-0.00040649,0.00067807,0.99999970,-0.01786919,
135,0.99999702,-0.00243382,0.00027932,-0.00908842,0.00243393,0.99999696,-0.00036906,0.01032931,-0.00027842,0.00036974,0.99999988,-0.01752183,
136,0.99999714,-0.00237409,0.00028667,-0.00327613,0.00237424,0.99999702,-0.00054350,0.00997574,-0.00028537,0.00054418,0.99999982,-0.01701230,
137,0.99999714,-0.00236565,0.00026450,-0.00022238,0.00236580,0.99999702,-0.00059622,0.00976992,-0.00026309,0.00059684,0.99999976,-0.01655072,
138,0.99999708,-0.00232000,-0.00064201,0.00860000,0.00231975,0.99999726,-0.00039193,0.00912874,0.00064292,0.00039044,0.99999970,-0.01586736,
139,0.99999654,-0.00247860,-0.00089297,0.01616717,0.00247791,0.99999660,-0.00077385,0.00895932,0.00089489,0.00077163,0.99999928,-0.01475304,
140,0.99999630,-0.00232662,-0.00140374,0.02347282,0.00232590,0.99999714,-0.00051140,0.00841914,0.00140493,0.00050813,0.99999887,-0.01455004,
141,0.99999660,-0.00222069,-0.00138605,0.02345246,0.00222005,0.99999744,-0.00046133,0.00835381,0.00138707,0.00045825,0.99999893,-0.01465060,
142,0.99999660,-0.00204978,-0.00161931,0.02757200,0.00204914,0.99999779,-0.00039557,0.00816679,0.00162012,0.00039225,0.99999863,-0.01378925,
143,0.99999559,-0.00215530,-0.00203577,0.03502047,0.00215403,0.99999750,-0.00062382,0.00791497,0.00203711,0.00061944,0.99999774,-0.01219164,
144,0.99999619,-0.00202735,-0.00188743,0.03918712,0.00202684,0.99999791,-0.00027694,0.00717046,0.00188799,0.00027311,0.99999815,-0.01174104,
145,0.99999428,-0.00234855,-0.00243533,0.04571934,0.00234758,0.99999714,-0.00040124,0.00669695,0.00243626,0.00039552,0.99999696,-0.01102880,
146,0.99999470,-0.00239117,-0.00221034,0.04782772,0.00239019,0.99999702,-0.00044482,0.00667295,0.00221140,0.00043954,0.99999744,-0.01062558,
147,0.99999487,-0.00223220,-0.00230214,0.05298449,0.00223190,0.99999750,-0.00013498,0.00593846,0.00230244,0.00012984,0.99999732,-0.00987722,
148,0.99999487,-0.00220248,-0.00232805,0.05504176,0.00220242,0.99999756,-0.00002686,0.00559971,0.00232811,0.00002174,0.99999732,-0.00970667,
149,0.99999410,-0.00203521,-0.00277509,0.06107241,0.00203444,0.99999791,-0.00027924,0.00546076,0.00277565,0.00027359,0.99999613,-0.00819389,
150,0.99999154,-0.00215522,-0.00350601,0.06561822,0.00215367,0.99999756,-0.00044603,0.00526520,0.00350696,0.00043847,0.99999374,-0.00724434,
151,0.99999237,-0.00213298,-0.00326826,0.07201058,0.00213223,0.99999768,-0.00023368,0.00423060,0.00326875,0.00022671,0.99999464,-0.00565165,
152,0.99998975,-0.00222896,-0.00394666,0.07547647,0.00222823,0.99999750,-0.00019169,0.00380369,0.00394707,0.00018290,0.99999219,-0.00467598,
153,0.99998933,-0.00208151,-0.00411789,0.08143254,0.00208079,0.99999779,-0.00017948,0.00266824,0.00411826,0.00017091,0.99999148,-0.00371783,
154,0.99999028,-0.00208471,-0.00388170,0.08392517,0.00208380,0.99999779,-0.00023984,0.00239384,0.00388219,0.00023175,0.99999243,-0.00276766,
155,0.99998897,-0.00219633,-0.00415534,0.08728673,0.00219526,0.99999756,-0.00026145,0.00204254,0.00415590,0.00025233,0.99999136,-0.00235280,
156,0.99998856,-0.00193316,-0.00437632,0.09251846,0.00193121,0.99999803,-0.00044944,0.00179573,0.00437719,0.00044098,0.99999034,-0.00131010,
157,0.99998856,-0.00175796,-0.00444804,0.09859129,0.00175698,0.99999845,-0.00022598,0.00085103,0.00444843,0.00021816,0.99999011,-0.00016418,
158,0.99998492,-0.00215946,-0.00505513,0.10280222,0.00215832,0.99999762,-0.00023041,0.00025924,0.00505562,0.00021950,0.99998719,0.00059126,
159,0.99998605,-0.00218360,-0.00480592,0.10259742,0.00218188,0.99999756,-0.00036364,0.00039379,0.00480670,0.00035315,0.99998838,0.00058477,
160,0.99998415,-0.00214443,-0.00520590,0.10609746,0.00214464,0.99999768,0.00003421,-0.00044812,0.00520581,-0.00004538,0.99998647,0.00119226,
161,0.99998504,-0.00202407,-0.00508632,0.11166252,0.00202379,0.99999797,-0.00005973,-0.00107394,0.00508643,0.00004943,0.99998707,0.00262423,
162,0.99998331,-0.00214863,-0.00536790,0.11405185,0.00214885,0.99999768,0.00003573,-0.00161374,0.00536781,-0.00004726,0.99998558,0.00312952,
163,0.99997872,-0.00216198,-0.00615473,0.12106412,0.00216065,0.99999762,-0.00022222,-0.00213589,0.00615520,0.00020892,0.99998105,0.00486979,
164,0.99997860,-0.00210382,-0.00619511,0.12367833,0.00210417,0.99999779,0.00005045,-0.00270720,0.00619499,-0.00006349,0.99998081,0.00524853,
165,0.99998039,-0.00199653,-0.00593813,0.12853596,0.00199670,0.99999803,0.00002289,-0.00337283,0.00593808,-0.00003475,0.99998236,0.00664433,
166,0.99997872,-0.00204434,-0.00619613,0.13161956,0.00204531,0.99999791,0.00014957,-0.00412886,0.00619581,-0.00016224,0.99998081,0.00763036,
167,0.99997610,-0.00207211,-0.00659564,0.13373584,0.00207047,0.99999779,-0.00025597,-0.00401947,0.00659615,0.00024231,0.99997824,0.00825842,
168,0.99997646,-0.00189153,-0.00659834,0.14139235,0.00189215,0.99999821,0.00008830,-0.00525355,0.00659816,-0.00010078,0.99997824,0.01056042,
169,0.99997514,-0.00204157,-0.00674509,0.14371252,0.00204222,0.99999791,0.00008947,-0.00549979,0.00674489,-0.00010325,0.99997723,0.01157433,
170,0.99998039,-0.00198112,-0.00593719,0.14360823,0.00198288,0.99999797,0.00029039,-0.00650815,0.00593660,-0.00030216,0.99998236,0.01135379,
171,0.99997956,-0.00193627,-0.00609400,0.14334384,0.00193826,0.99999809,0.00032039,-0.00671985,0.00609337,-0.00033219,0.99998140,0.01156278,
172,0.99997622,-0.00203875,-0.00659011,0.14449877,0.00203999,0.99999791,0.00018114,-0.00676380,0.00658972,-0.00019458,0.99997824,0.01259953,
173,0.99998033,-0.00178530,-0.00600838,0.14393228,0.00178638,0.99999839,0.00017351,-0.00689352,0.00600806,-0.00018424,0.99998194,0.01294466,
174,0.99998075,-0.00184820,-0.00592534,0.14354600,0.00184972,0.99999827,0.00025235,-0.00729674,0.00592486,-0.00026330,0.99998242,0.01369289,
175,0.99998093,-0.00184528,-0.00589085,0.14307958,0.00184667,0.99999827,0.00023144,-0.00742951,0.00589041,-0.00024231,0.99998260,0.01402394,
176,0.99998206,-0.00197653,-0.00565830,0.14209066,0.00198008,0.99999785,0.00062134,-0.00799264,0.00565706,-0.00063254,0.99998379,0.01466903,
177,0.99997962,-0.00222778,-0.00598710,0.14139184,0.00223031,0.99999744,0.00041604,-0.00792198,0.00598616,-0.00042938,0.99998200,0.01504141,
178,0.99998218,-0.00203099,-0.00561271,0.13981579,0.00203357,0.99999785,0.00045259,-0.00830027,0.00561178,-0.00046399,0.99998415,0.01561737,
179,0.99998230,-0.00202014,-0.00559657,0.13979468,0.00202286,0.99999785,0.00048087,-0.00832967,0.00559559,-0.00049218,0.99998420,0.01559416,
180,0.99998015,-0.00212456,-0.00593078,0.13961515,0.00212665,0.99999768,0.00034502,-0.00831369,0.00593004,-0.00035763,0.99998236,0.01597643,
181,0.99998093,-0.00207522,-0.00581409,0.13783915,0.00207911,0.99999762,0.00066445,-0.00892941,0.00581270,-0.00067653,0.99998289,0.01624292,
182,0.99998128,-0.00214150,-0.00573621,0.13693072,0.00214504,0.99999750,0.00061121,-0.00902409,0.00573488,-0.00062351,0.99998337,0.01670227,
183,0.99997920,-0.00231794,-0.00602346,0.13663337,0.00232217,0.99999708,0.00069542,-0.00928891,0.00602183,-0.00070939,0.99998164,0.01708371,
184,0.99998063,-0.00226911,-0.00580059,0.13513686,0.00227446,0.99999702,0.00091615,-0.00994876,0.00579849,-0.00092933,0.99998277,0.01795458,
185,0.99998003,-0.00230097,-0.00588586,0.13442853,0.00230633,0.99999696,0.00090276,-0.01020628,0.00588376,-0.00091632,0.99998230,0.01829009,
186,0.99998218,-0.00217645,-0.00556088,0.13239732,0.00218188,0.99999714,0.00097092,-0.01059628,0.00555875,-0.00098303,0.99998409,0.01867399,
187,0.99998051,-0.00226249,-0.00581786,0.13163579,0.00226702,0.99999714,0.00077208,-0.01055633,0.00581610,-0.00078526,0.99998277,0.01896469,
188,0.99998164,-0.00230654,-0.00559800,0.13059673,0.00231255,0.99999678,0.00106754,-0.01101483,0.00559552,-0.00108046,0.99998379,0.01939409,
189,0.99998325,-0.00222693,-0.00534061,0.12841401,0.00223312,0.99999684,0.00115305,-0.01130132,0.00533803,-0.00116496,0.99998510,0.01979390,
190,0.99998051,-0.00226889,-0.00581464,0.12759386,0.00227295,0.99999720,0.00069220,-0.01095738,0.00581305,-0.00070540,0.99998283,0.02068458,
191,0.99998069,-0.00238241,-0.00574124,0.12507603,0.00238936,0.99999642,0.00120348,-0.01172361,0.00573835,-0.00121718,0.99998277,0.02044079,
192,0.99998301,-0.00225458,-0.00537991,0.12289815,0.00226019,0.99999690,0.00103855,-0.01191491,0.00537755,-0.00105069,0.99998498,0.02072395,
193,0.99998218,-0.00236085,-0.00548600,0.12109783,0.00236528,0.99999690,0.00080055,-0.01254139,0.00548409,-0.00081351,0.99998462,0.02185058,
194,0.99998152,-0.00241953,-0.00557537,0.11980161,0.00242615,0.99999636,0.00118082,-0.01329924,0.00557249,-0.00119432,0.99998379,0.02197589,
195,0.99998587,-0.00237016,-0.00475279,0.11500304,0.00237579,0.99999648,0.00118007,-0.01400390,0.00474997,-0.00119135,0.99998802,0.02298525,
196,0.99998611,-0.00232015,-0.00473452,0.11201674,0.00232681,0.99999630,0.00140076,-0.01495408,0.00473125,-0.00141176,0.99998784,0.02436652,
197,0.99998552,-0.00248015,-0.00477141,0.10933486,0.00248736,0.99999577,0.00150539,-0.01560784,0.00476765,-0.00151723,0.99998748,0.02502503,
198,0.99998558,-0.00247045,-0.00477334,0.10933711,0.00247773,0.99999577,0.00151903,-0.01562397,0.00476956,-0.00153083,0.99998748,0.02501773,
199,0.99998683,-0.00243670,-0.00451552,0.10646372,0.00244405,0.99999571,0.00162248,-0.01591928,0.00451155,-0.00163349,0.99998850,0.02527487,
200,0.99998713,-0.00257346,-0.00437456,0.10215490,0.00257993,0.99999559,0.00147338,-0.01615454,0.00437075,-0.00148465,0.99998933,0.02595389,
201,0.99998695,-0.00269619,-0.00434467,0.10044547,0.00270214,0.99999541,0.00136431,-0.01623170,0.00434097,-0.00137603,0.99998963,0.02660751,
202,0.99998719,-0.00270031,-0.00428499,0.09659209,0.00270669,0.99999523,0.00148534,-0.01667207,0.00428096,-0.00149692,0.99998969,0.02736370,
203,0.99998778,-0.00271355,-0.00413709,0.09482156,0.00271891,0.99999547,0.00129080,-0.01651726,0.00413357,-0.00130203,0.99999058,0.02802653,
204,0.99998891,-0.00271745,-0.00384632,0.09226044,0.00272398,0.99999487,0.00169273,-0.01695929,0.00384170,-0.00170319,0.99999118,0.02788111,
205,0.99998862,-0.00288650,-0.00379593,0.08690943,0.00289270,0.99999452,0.00163002,-0.01686589,0.00379120,-0.00164098,0.99999148,0.02867356,
206,0.99998748,-0.00297900,-0.00401756,0.08512508,0.00298558,0.99999422,0.00163207,-0.01691351,0.00401267,-0.00164404,0.99999058,0.02892761,
207,0.99999017,-0.00256046,-0.00362602,0.08112931,0.00256786,0.99999464,0.00203696,-0.01750751,0.00362079,-0.00204625,0.99999136,0.02929254,
208,0.99998945,-0.00269569,-0.00371482,0.07977810,0.00270325,0.99999428,0.00203338,-0.01756056,0.00370931,-0.00204340,0.99999106,0.02939320,
209,0.99998909,-0.00306877,-0.00352896,0.07647885,0.00307581,0.99999326,0.00198882,-0.01773093,0.00352283,-0.00199965,0.99999177,0.03008637,
210,0.99998868,-0.00301679,-0.00368086,0.07570656,0.00302404,0.99999350,0.00196722,-0.01787590,0.00367490,-0.00197833,0.99999130,0.03093231,
211,0.99998933,-0.00310412,-0.00341557,0.07409617,0.00311134,0.99999291,0.00211116,-0.01830060,0.00340900,-0.00212176,0.99999195,0.03110861,
212,0.99999094,-0.00282870,-0.00318188,0.07075065,0.00283574,0.99999356,0.00220950,-0.01875762,0.00317561,-0.00221850,0.99999249,0.03222933,
213,0.99998999,-0.00301189,-0.00330827,0.06908175,0.00301920,0.99999303,0.00220584,-0.01894159,0.00330160,-0.00221581,0.99999207,0.03267355,
214,0.99999088,-0.00291940,-0.00310815,0.06704415,0.00292675,0.99999291,0.00236041,-0.01937008,0.00310124,-0.00236949,0.99999237,0.03355212,
215,0.99999011,-0.00300042,-0.00328186,0.06632639,0.00300793,0.99999285,0.00228594,-0.01944723,0.00327498,-0.00229579,0.99999201,0.03381957,
216,0.99999040,-0.00313487,-0.00305293,0.06328358,0.00314284,0.99999166,0.00261219,-0.02027333,0.00304472,-0.00262176,0.99999195,0.03485944,
217,0.99998945,-0.00320101,-0.00328868,0.06257015,0.00321013,0.99999100,0.00276903,-0.02062636,0.00327978,-0.00277956,0.99999076,0.03524581,
218,0.99998999,-0.00322378,-0.00311121,0.06120582,0.00323222,0.99999112,0.00271177,-0.02076262,0.00310244,-0.00272180,0.99999148,0.03585145,
219,0.99998969,-0.00319005,-0.00323985,0.05912285,0.00319869,0.99999136,0.00266588,-0.02116370,0.00323132,-0.00267621,0.99999118,0.03724168,
220,0.99998987,-0.00320982,-0.00314717,0.05758956,0.00321917,0.99999040,0.00297008,-0.02167635,0.00313760,-0.00298018,0.99999064,0.03769470,
221,0.99999022,-0.00323203,-0.00302363,0.05539990,0.00324110,0.99999022,0.00300100,-0.02177882,0.00301390,-0.00301078,0.99999094,0.03872257,
222,0.99998939,-0.00328476,-0.00322384,0.05414955,0.00329441,0.99999011,0.00299298,-0.02177254,0.00321398,-0.00300357,0.99999034,0.03904213,
223,0.99999011,-0.00335055,-0.00291628,0.05104155,0.00335976,0.99998939,0.00316032,-0.02199765,0.00290566,-0.00317008,0.99999076,0.03967739,
224,0.99999082,-0.00322983,-0.00282493,0.04862787,0.00323884,0.99998969,0.00318877,-0.02253091,0.00281460,-0.00319789,0.99999094,0.04026299,
225,0.99999034,-0.00324846,-0.00295237,0.04630368,0.00325913,0.99998814,0.00361578,-0.02343965,0.00294059,-0.00362537,0.99998909,0.04041664,
226,0.99999058,-0.00321184,-0.00292374,0.04626485,0.00322241,0.99998826,0.00361722,-0.02344653,0.00291209,-0.00362660,0.99998921,0.04042827,
227,0.99999160,-0.00326103,-0.00248970,0.04363762,0.00326998,0.99998820,0.00359858,-0.02379213,0.00247794,-0.00360669,0.99999040,0.04051882,
228,0.99999094,-0.00325380,-0.00273781,0.04171886,0.00326341,0.99998850,0.00351604,-0.02392723,0.00272634,-0.00352494,0.99999005,0.04095547,
229,0.99999189,-0.00314156,-0.00252178,0.03960173,0.00315076,0.99998838,0.00365250,-0.02418840,0.00251027,-0.00366041,0.99999017,0.04078566,
230,0.99999279,-0.00325077,-0.00195880,0.03605273,0.00325841,0.99998701,0.00391388,-0.02413209,0.00194605,-0.00392023,0.99999040,0.04011591,
231,0.99999171,-0.00336802,-0.00229186,0.03465166,0.00337662,0.99998724,0.00375753,-0.02369629,0.00227918,-0.00376524,0.99999028,0.03988802,
232,0.99999285,-0.00326653,-0.00190050,0.03016001,0.00327451,0.99998575,0.00420998,-0.02432131,0.00188672,-0.00421617,0.99998933,0.03950205,
233,0.99999243,-0.00334472,-0.00197805,0.02858078,0.00335323,0.99998504,0.00431760,-0.02466913,0.00196358,-0.00432420,0.99998873,0.03966842,
234,0.99999267,-0.00330550,-0.00194407,0.02400589,0.00331327,0.99998647,0.00401104,-0.02474059,0.00193078,-0.00401746,0.99999005,0.03989092,
235,0.99999309,-0.00325102,-0.00179045,0.02199359,0.00325869,0.99998546,0.00429471,-0.02516531,0.00177646,-0.00430051,0.99998915,0.03974906,
236,0.99999297,-0.00331332,-0.00174292,0.01804520,0.00332102,0.99998468,0.00443165,-0.02595353,0.00172821,-0.00443741,0.99998868,0.04041177,
237,0.99999297,-0.00326959,-0.00184267,0.01678547,0.00327814,0.99998379,0.00465528,-0.02646580,0.00182742,-0.00466129,0.99998748,0.04044120,
238,0.99999219,-0.00346235,-0.00189351,0.01424763,0.00347063,0.99998438,0.00438286,-0.02643605,0.00187830,-0.00438940,0.99998862,0.04116700,
239,0.99999309,-0.00332859,-0.00167284,0.01229669,0.00333628,0.99998379,0.00461294,-0.02677507,0.00165746,-0.00461849,0.99998796,0.04128264,
240,0.99999321,-0.00328180,-0.00167767,0.00983011,0.00328937,0.99998432,0.00453083,-0.02647091,0.00166277,-0.00453632,0.99998832,0.04085254,
241,0.99999326,-0.00335142,-0.00148013,0.00763332,0.00335840,0.99998313,0.00473996,-0.02624710,0.00146422,-0.00474490,0.99998766,0.04001715,
242,0.99999410,-0.00315684,-0.00135117,0.00617438,0.00316299,0.99998456,0.00456946,-0.02568357,0.00133673,-0.00457371,0.99998868,0.03971242,
243,0.99999398,-0.00324286,-0.00124858,0.00296757,0.00324889,0.99998295,0.00485545,-0.02524831,0.00123282,-0.00485947,0.99998742,0.03834716,
244,0.99999344,-0.00334906,-0.00137668,0.00135770,0.00335536,0.99998379,0.00460307,-0.02462721,0.00136124,-0.00460766,0.99998844,0.03798392,
245,0.99999362,-0.00334996,-0.00122750,-0.00210588,0.00335573,0.99998319,0.00472324,-0.02442521,0.00121166,-0.00472733,0.99998808,0.03691665,
246,0.99999255,-0.00358148,-0.00143811,-0.00321159,0.00358773,0.99998403,0.00436998,-0.02390509,0.00142244,-0.00437511,0.99998939,0.03692424,
247,0.99999368,-0.00345754,-0.00084001,-0.00803166,0.00346135,0.99998355,0.00457932,-0.02332180,0.00082417,-0.00458220,0.99998915,0.03664535,
248,0.99999404,-0.00336134,-0.00081779,-0.00968318,0.00336519,0.99998301,0.00475307,-0.02329084,0.00080180,-0.00475579,0.99998838,0.03610049,
249,0.99999350,-0.00350779,-0.00085876,-0.01256930,0.00351182,0.99998266,0.00472806,-0.02313534,0.00084216,-0.00473105,0.99998844,0.03639390,
250,0.99999332,-0.00357237,-0.00076381,-0.01409445,0.00357599,0.99998212,0.00479301,-0.02310300,0.00074668,-0.00479570,0.99998820,0.03632548,
251,0.99999356,-0.00357441,-0.00025867,-0.01836209,0.00357557,0.99998283,0.00463799,-0.02243979,0.00024209,-0.00463889,0.99998921,0.03641981,
252,0.99999386,-0.00349914,-0.00019683,-0.02066450,0.00350002,0.99998295,0.00467236,-0.02220558,0.00018048,-0.00467302,0.99998909,0.03604221,
253,0.99999326,-0.00365764,-0.00032992,-0.02428493,0.00365915,0.99998224,0.00470438,-0.02144833,0.00031271,-0.00470556,0.99998885,0.03566808,
254,0.99999338,-0.00363173,-0.00028406,-0.02568459,0.00363305,0.99998200,0.00478136,-0.02118224,0.00026669,-0.00478236,0.99998856,0.03539400,
255,0.99999362,-0.00357849,0.00007229,-0.02977940,0.00357811,0.99998224,0.00476884,-0.02024673,-0.00008936,-0.00476855,0.99998862,0.03432496,
256,0.99999392,-0.00348547,0.00026042,-0.03117009,0.00348414,0.99998164,0.00495599,-0.02000559,-0.00027769,-0.00495505,0.99998766,0.03393561,
257,0.99999332,-0.00364712,0.00029977,-0.03470681,0.00364563,0.99998158,0.00484866,-0.01908651,-0.00031745,-0.00484753,0.99998820,0.03267190,
258,0.99999219,-0.00390767,0.00054207,-0.03716755,0.00390499,0.99998057,0.00486258,-0.01868091,-0.00056106,-0.00486042,0.99998802,0.03176781,
259,0.99999285,-0.00374673,0.00047533,-0.03990291,0.00374432,0.99998051,0.00499048,-0.01850240,-0.00049402,-0.00498867,0.99998742,0.03094104,
260,0.99999243,-0.00379132,0.00090736,-0.04228476,0.00378696,0.99998152,0.00475993,-0.01804986,-0.00092539,-0.00475646,0.99998826,0.03026650,
261,0.99999267,-0.00369465,0.00097759,-0.04582479,0.00368974,0.99998081,0.00498163,-0.01773495,-0.00099598,-0.00497798,0.99998713,0.02940765,
262,0.99999237,-0.00383181,0.00078789,-0.04809501,0.00382789,0.99998057,0.00492295,-0.01731725,-0.00080674,-0.00491989,0.99998754,0.02880726,
263,0.99999189,-0.00395093,0.00075043,-0.04926489,0.00394733,0.99998099,0.00474270,-0.01694825,-0.00076916,-0.00473969,0.99998850,0.02869019,
264,0.99999160,-0.00394084,0.00112200,-0.05257041,0.00393535,0.99998051,0.00485200,-0.01701411,-0.00114110,-0.00484755,0.99998760,0.02837881,
265,0.99999183,-0.00391316,0.00100474,-0.05453213,0.00390816,0.99998021,0.00492649,-0.01687232,-0.00102400,-0.00492252,0.99998736,0.02761937,
266,0.99999124,-0.00404315,0.00110545,-0.05827596,0.00403768,0.99997979,0.00490862,-0.01646764,-0.00112527,-0.00490411,0.99998736,0.02703727,
267,0.99999088,-0.00408494,0.00123166,-0.06005777,0.00407902,0.99998033,0.00476858,-0.01598420,-0.00125112,-0.00476351,0.99998790,0.02667155,
268,0.99999046,-0.00412259,0.00144740,-0.06379111,0.00411559,0.99997997,0.00480245,-0.01547141,-0.00146717,-0.00479645,0.99998742,0.02577185,
269,0.99999082,-0.00394843,0.00166038,-0.06781144,0.00394074,0.99998158,0.00461208,-0.01412009,-0.00167856,-0.00460549,0.99998796,0.02468961,
270,0.99999130,-0.00394632,0.00133461,-0.06858799,0.00394043,0.99998260,0.00438763,-0.01306028,-0.00135190,-0.00438234,0.99998951,0.02418645,
271,0.99998993,-0.00411122,0.00179767,-0.07265575,0.00410243,0.99997979,0.00486164,-0.01201721,-0.00181762,-0.00485421,0.99998659,0.02193023,
272,0.99998969,-0.00409264,0.00197025,-0.07410989,0.00408349,0.99998099,0.00462432,-0.01149273,-0.00198914,-0.00461623,0.99998736,0.02136004,
273,0.99999022,-0.00394379,0.00201310,-0.07730438,0.00393407,0.99998069,0.00480573,-0.01129216,-0.00203201,-0.00479776,0.99998641,0.01949674,
274,0.99998981,-0.00395213,0.00218629,-0.07885539,0.00394163,0.99998075,0.00478871,-0.01105369,-0.00220517,-0.00478004,0.99998617,0.01873404,
275,0.99998981,-0.00404582,0.00199055,-0.08146181,0.00403646,0.99998087,0.00468485,-0.01009475,-0.00200947,-0.00467677,0.99998707,0.01725524,
276,0.99998933,-0.00393207,0.00241641,-0.08489099,0.00392057,0.99998105,0.00474363,-0.00937047,-0.00243502,-0.00473410,0.99998581,0.01569300,
277,0.99998850,-0.00417937,0.00234259,-0.08791859,0.00416891,0.99998140,0.00445319,-0.00824946,-0.00236116,-0.00444337,0.99998736,0.01447581,
278,0.99998850,-0.00417619,0.00235769,-0.08793791,0.00416572,0.99998152,0.00442653,-0.00821932,-0.00237613,-0.00441666,0.99998742,0.01449560,
279,0.99998784,-0.00432393,0.00237888,-0.09028535,0.00431302,0.99998027,0.00457328,-0.00737332,-0.00239861,-0.00456296,0.99998671,0.01299389,
280,0.99998873,-0.00400804,0.00253836,-0.09179082,0.00399618,0.99998116,0.00465755,-0.00686121,-0.00255698,-0.00464736,0.99998593,0.01244006,
281,0.99998742,-0.00410817,0.00287120,-0.09617601,0.00409484,0.99998087,0.00463313,-0.00630248,-0.00289018,-0.00462131,0.99998516,0.01102918,
282,0.99998671,-0.00396752,0.00328399,-0.09830483,0.00395217,0.99998128,0.00466511,-0.00621508,-0.00330244,-0.00465207,0.99998373,0.01050396,
283,0.99998730,-0.00406924,0.00296267,-0.10149910,0.00405539,0.99998087,0.00466604,-0.00589103,-0.00298160,-0.00465396,0.99998474,0.00961463,
284,0.99998742,-0.00412049,0.00285307,-0.10241822,0.00410715,0.99998069,0.00466792,-0.00579164,-0.00287225,-0.00465614,0.99998504,0.00945860,
285,0.99998617,-0.00403784,0.00337757,-0.10494407,0.00402253,0.99998164,0.00452832,-0.00527451,-0.00339580,-0.00451467,0.99998403,0.00903877,
286,0.99998516,-0.00416484,0.00351025,-0.10764788,0.00414831,0.99998033,0.00470436,-0.00501496,-0.00352977,-0.00468972,0.99998277,0.00841478,
287,0.99998230,-0.00398824,0.00440962,-0.11445420,0.00396798,0.99998158,0.00459302,-0.00392004,-0.00442786,-0.00457544,0.99997973,0.00714912,
288,0.99998289,-0.00409603,0.00417123,-0.11671220,0.00407619,0.99998039,0.00475301,-0.00359917,-0.00419062,-0.00473593,0.99998003,0.00635955,
289,0.99998260,-0.00432929,0.00400377,-0.12078299,0.00431173,0.99998111,0.00438414,-0.00135731,-0.00402268,-0.00436680,0.99998236,0.00546700,
290,0.99998271,-0.00431674,0.00399543,-0.12243747,0.00429922,0.99998116,0.00438350,-0.00045464,-0.00401427,-0.00436625,0.99998242,0.00513833,
