1.000000000 0.000000000 0.000000000 0.000000000 0.000000000 1.000000000 0.000000000 0.000000000 0.000000000 0.000000000 1.000000000 0.000000000
0.999998689 0.000744950 0.001453181 -0.006064835 -0.000738279 0.999989212 -0.004585347 -0.002083485 -0.001456581 0.004584268 0.999988437 0.964348376
0.999996543 -0.001453846 0.002177588 -0.003543236 0.001465492 0.999984562 -0.005355960 -0.001368854 -0.002169768 0.005359133 0.999983311 1.917583108
0.999993324 -0.002541984 0.002608337 -0.009064348 0.002545462 0.999995887 -0.001330772 -0.003171430 -0.002604944 0.001337403 0.999995708 2.851228714
0.999984860 -0.005138969 0.001975584 -0.006096662 0.005129267 0.999974906 0.004884081 -0.006817022 -0.002000634 -0.004873875 0.999986112 3.800174236
0.999961793 -0.008733235 0.000489001 -0.003757726 0.008730710 0.999949634 0.004947313 -0.004015775 -0.000532182 -0.004942854 0.999987662 4.737943649
0.999936998 -0.011222537 -0.000265965 -0.004753498 0.011223043 0.999935031 0.001994723 -0.000004932 0.000243562 -0.001997582 0.999997914 5.667994976
0.999926448 -0.012054322 -0.001301561 -0.006982049 0.012052260 0.999926150 -0.001579892 0.005557314 0.001320509 0.001564090 0.999997914 6.596689701
0.999933600 -0.011411634 -0.001605982 -0.017573310 0.011408750 0.999933302 -0.001794059 -0.002009904 0.001626347 0.001775618 0.999997079 7.519028187
0.999933243 -0.011243446 -0.002656159 -0.027242891 0.011243944 0.999936819 0.000172795 -0.002447330 0.002654048 -0.000202649 0.999996364 8.431176186
0.999935150 -0.010998792 -0.002952248 -0.039136648 0.011006946 0.999935627 0.002759717 0.002929954 0.002921704 -0.002792033 0.999991834 9.369719505
0.999927998 -0.011346042 -0.003919953 -0.046807572 0.011363205 0.999925852 0.004384220 0.004958108 0.003869919 -0.004428447 0.999982715 10.291296959
0.999912202 -0.012395144 -0.004680224 -0.052403495 0.012418624 0.999910295 0.005021309 0.008478396 0.004617565 -0.005078990 0.999976397 11.206556320
0.999903083 -0.012781831 -0.005537601 -0.053988006 0.012812465 0.999902546 0.005532262 0.004462317 0.005466349 -0.005602675 0.999969304 12.114514351
0.999893010 -0.013299645 -0.006088820 -0.066619858 0.013324845 0.999902725 0.004116782 0.007853854 0.006033476 -0.004197475 0.999972999 13.019863129
0.999881387 -0.013572270 -0.007280687 -0.083904639 0.013587376 0.999905586 0.002028884 0.013234781 0.007252465 -0.002127569 0.999971449 13.924836159
0.999852121 -0.014795261 -0.008767067 -0.095752195 0.014798239 0.999890387 0.000274857 0.023783477 0.008762038 -0.000404553 0.999961555 14.828486443
0.999835670 -0.014541145 -0.010822444 -0.101897590 0.014541559 0.999894261 -0.000040448 0.017280884 0.010821887 -0.000116934 0.999941409 15.725623131
0.999838710 -0.013232574 -0.012140304 -0.125898808 0.013219705 0.999911904 -0.001139699 0.019990310 0.012154316 0.000979025 0.999925613 16.627721786
0.999835789 -0.011636880 -0.013893225 -0.143521905 0.011623655 0.999931812 -0.001032285 0.017702181 0.013904290 0.000870625 0.999902964 17.519626617
0.999819040 -0.012068070 -0.014707149 -0.170162514 0.012065927 0.999927104 -0.000234376 0.018066689 0.014708908 0.000056878 0.999891758 18.410037994
0.999796093 -0.011577907 -0.016544446 -0.185620755 0.011600806 0.999931812 0.001288680 0.016637335 0.016528400 -0.001480347 0.999862254 19.299165726
0.999772370 -0.011276610 -0.018117633 -0.198901758 0.011311164 0.999934375 0.001805896 0.016062004 0.018096078 -0.002010417 0.999834239 20.178361893
0.999729514 -0.012385848 -0.019686177 -0.219897643 0.012425661 0.999920964 0.001901377 0.015095364 0.019661069 -0.002145476 0.999804437 21.055984497
0.999684989 -0.012319533 -0.021864565 -0.238617137 0.012358882 0.999922156 0.001665467 0.013659321 0.021842342 -0.001935164 0.999759614 21.927328110
0.999655902 -0.012433534 -0.023094609 -0.261425555 0.012477084 0.999920607 0.001742602 0.018848436 0.023071107 -0.002030156 0.999731839 22.790166855
0.999655008 -0.012018168 -0.023352530 -0.284822702 0.012107505 0.999919891 0.003688004 0.020821609 0.023306336 -0.003969473 0.999720454 23.648132324
0.999612868 -0.013309176 -0.024436180 -0.304210246 0.013472016 0.999888003 0.006511425 0.023608431 0.024346784 -0.006838109 0.999680221 24.494447708
0.999589622 -0.013574394 -0.025227236 -0.327104628 0.013782689 0.999872208 0.008101253 0.027373895 0.025114041 -0.008445629 0.999648929 25.333044052
0.999587536 -0.012619621 -0.025802810 -0.350423723 0.012804540 0.999893427 0.007013852 0.026375741 0.025711551 -0.007341351 0.999642432 26.167964935
0.999595463 -0.011143750 -0.026168741 -0.383740783 0.011256464 0.999927998 0.004163850 0.033933885 0.026120456 -0.004456732 0.999648929 26.973581314
0.999582291 -0.010326010 -0.026997488 -0.409068793 0.010391174 0.999943376 0.002274511 0.038653139 0.026972473 -0.002554097 0.999632895 27.775781631
0.999556661 -0.009364435 -0.028259728 -0.428081930 0.009425622 0.999953508 0.002032778 0.041245341 0.028239382 -0.002298242 0.999598503 28.570543289
0.999516368 -0.009388861 -0.029647028 -0.453114510 0.009441369 0.999954104 0.001631567 0.040438101 0.029630348 -0.001910686 0.999559164 29.357215881
0.999445319 -0.009209057 -0.032003056 -0.478788584 0.009240075 0.999957025 0.000821490 0.039918840 0.031994108 -0.001116746 0.999487460 30.133155823
0.999397695 -0.009329699 -0.033422749 -0.514146090 0.009361251 0.999955893 0.000787716 0.040100541 0.033413924 -0.001100121 0.999440968 30.901882172
0.999327481 -0.009494027 -0.035419285 -0.542820692 0.009570038 0.999952316 0.001977099 0.043291651 0.035398830 -0.002314733 0.999370515 31.657295227
0.999240875 -0.009871658 -0.037685663 -0.572676003 0.010039822 0.999940395 0.004275653 0.045079656 0.037641216 -0.004650764 0.999280453 32.412910461
0.999177277 -0.008755918 -0.039599601 -0.605755627 0.008974884 0.999945343 0.005355034 0.051140741 0.039550558 -0.005706031 0.999201298 33.163051605
0.999108195 -0.007380010 -0.041573811 -0.641859949 0.007626564 0.999954224 0.005775059 0.051824450 0.041529290 -0.006086975 0.999118745 33.887924194
0.999046803 -0.004938869 -0.043370280 -0.682232320 0.005153875 0.999974966 0.004847008 0.055769935 0.043345258 -0.005065914 0.999047279 34.599430084
0.998967409 -0.003636077 -0.045286365 -0.712568641 0.003829847 0.999983847 0.004192782 0.059187904 0.045270391 -0.004361892 0.998965263 35.322433472
0.998886108 -0.003479423 -0.047058262 -0.746084034 0.003723879 0.999980032 0.005108065 0.065159023 0.047039554 -0.005277614 0.998879135 36.029632568
0.998848259 -0.002095824 -0.047935367 -0.789419532 0.002438175 0.999971986 0.007084600 0.067530781 0.047919169 -0.007193314 0.998825312 36.722949982
0.998843312 0.000962035 -0.048072089 -0.825130939 -0.000588043 0.999969482 0.007793344 0.068018660 0.048078112 -0.007756062 0.998813450 37.408725739
0.998886049 0.004324425 -0.046989754 -0.862402260 -0.004055011 0.999974787 0.005827268 0.068645284 0.047013775 -0.005630233 0.998878300 38.071624756
0.998944163 0.005691672 -0.045586083 -0.894394159 -0.005566117 0.999980450 0.002880707 0.070368320 0.045601584 -0.002623928 0.998956203 38.724330902
0.999047518 0.006444450 -0.043157015 -0.929457486 -0.006427352 0.999979198 0.000534935 0.080916852 0.043159563 -0.000257040 0.999068141 39.383644104
0.999171317 0.007431072 -0.040017478 -0.958988667 -0.007372398 0.999971569 0.001613554 0.079690650 0.040028326 -0.001317192 0.999197662 40.027370453
0.999244630 0.012346979 -0.036849346 -0.992432415 -0.012214148 0.999918103 0.003827678 0.086591929 0.036893588 -0.003374702 0.999313474 40.658649445
0.999305487 0.016448230 -0.033440158 -1.009703636 -0.016207678 0.999840796 0.007451891 0.086452812 0.033557404 -0.006904728 0.999412954 41.300430298
0.999341786 0.021506879 -0.029216563 -1.033056855 -0.021271633 0.999738872 0.008338962 0.091801107 0.029388275 -0.007711987 0.999538422 41.909603119
0.999389708 0.025443917 -0.023934368 -1.054294944 -0.025247084 0.999645174 0.008490493 0.098671108 0.024141911 -0.007881038 0.999677420 42.491374969
0.999405921 0.029512910 -0.017792992 -1.076430082 -0.029329406 0.999514699 0.010487596 0.104560077 0.018093877 -0.009959509 0.999786615 43.053455353
0.999365032 0.033695854 -0.011581925 -1.078549385 -0.033557504 0.999365509 0.011938520 0.101275325 0.011976856 -0.011542278 0.999861658 43.607078552
0.999309301 0.036866501 -0.004662306 -1.082849741 -0.036809709 0.999253511 0.011730417 0.103083968 0.005091286 -0.011550698 0.999920249 44.143390656
0.999181092 0.040366314 0.002771194 -1.087571144 -0.040395610 0.999117792 0.011485402 0.109239399 -0.002305127 -0.011587941 0.999930203 44.651687622
0.998959124 0.044479661 0.010113275 -1.084649444 -0.044590399 0.998944759 0.011000992 0.112709463 -0.009613279 -0.011440498 0.999888361 45.149250031
0.998659372 0.048631739 0.017730713 -1.081167459 -0.048784100 0.998775184 0.008263749 0.115045786 -0.017307114 -0.009117648 0.999808669 45.613800049
0.998381197 0.050756462 0.025663355 -1.069010258 -0.050912667 0.998688102 0.005470198 0.111751705 -0.025352038 -0.006767933 0.999655783 46.053993225
0.998135865 0.051070064 0.033414423 -1.051490426 -0.051269572 0.998671591 0.005141087 0.115061194 -0.033107482 -0.006844647 0.999428332 46.480899811
0.997874618 0.050308812 0.041415431 -1.028752923 -0.050622862 0.998696208 0.006568870 0.115863070 -0.041030955 -0.008651475 0.999120414 46.881835938
0.997418702 0.052254830 0.049249299 -1.004091978 -0.052664008 0.998587370 0.007046738 0.122208655 -0.048811495 -0.009622212 0.998761594 47.269138336
0.996761024 0.055374496 0.058318805 -0.995536566 -0.055903919 0.998408079 0.007484803 0.117498010 -0.057811487 -0.010720809 0.998269916 47.626110077
0.995938301 0.060419530 0.066755496 -0.967752934 -0.061011784 0.998113453 0.006867444 0.119793028 -0.066214629 -0.010912423 0.997745693 47.953544617
0.995049775 0.064163662 0.075887285 -0.947851896 -0.064881198 0.997868240 0.007025391 0.117029458 -0.075274743 -0.011914268 0.997091770 48.254699707
0.994332969 0.063368782 0.085360132 -0.919194221 -0.064261355 0.997903109 0.007746902 0.114647865 -0.084690236 -0.013188357 0.996320009 48.538448334
0.993438661 0.062222462 0.095958374 -0.882545948 -0.063071236 0.997991979 0.005834745 0.115223050 -0.095402628 -0.011848674 0.995368183 48.813842773
0.992335320 0.060657013 0.107663155 -0.846204281 -0.061161794 0.998126924 0.001389612 0.111798421 -0.107377201 -0.007963833 0.994186461 49.071289062
0.990744889 0.061710387 0.120898180 -0.805183411 -0.061827682 0.998082936 -0.002784357 0.114115357 -0.120838232 -0.004716266 0.992660940 49.338500977
0.988621831 0.063211180 0.136496052 -0.768027782 -0.063110515 0.997993648 -0.005069199 0.113677815 -0.136542618 -0.003602814 0.990627646 49.604389191
0.986155272 0.065192603 0.152472049 -0.714804173 -0.065014139 0.997865319 -0.006161158 0.105674982 -0.152548254 -0.003836979 0.988288581 49.849834442
0.983391047 0.065549456 0.169249386 -0.657319069 -0.065245584 0.997842133 -0.007362359 0.104678482 -0.169366732 -0.003802698 0.985545814 50.102874756
0.980153322 0.064456508 0.187469333 -0.599243164 -0.063947871 0.997914791 -0.008766193 0.107354015 -0.187643439 -0.003396047 0.982231319 50.359832764
0.976271152 0.063642912 0.206988633 -0.534434319 -0.063140564 0.997963667 -0.009039179 0.103453249 -0.207142398 -0.004244688 0.978301585 50.598213196
0.971793473 0.063780606 0.227045536 -0.461863518 -0.063129924 0.997953832 -0.010133965 0.098445475 -0.227227330 -0.004485244 0.973831356 50.842006683
0.966494381 0.066145003 0.248019218 -0.385414124 -0.065062270 0.997802019 -0.012568781 0.098655701 -0.248305455 -0.003989037 0.968673587 51.082942963
0.960264206 0.067377307 0.270837486 -0.301343918 -0.065904438 0.997720003 -0.014540110 0.092117131 -0.271199584 -0.003887044 0.962515295 51.329353333
0.953004062 0.068792365 0.295043945 -0.208078384 -0.067144476 0.997619331 -0.015725302 0.084296107 -0.295423299 -0.004824291 0.955354273 51.565586090
0.944504321 0.071594127 0.320602417 -0.109337807 -0.069970623 0.997410893 -0.016597586 0.076799989 -0.320960641 -0.006756254 0.947068453 51.801216125
0.934606433 0.073541149 0.347997785 -0.003299713 -0.071872436 0.997256398 -0.017721226 0.068741322 -0.348346233 -0.008449074 0.937327802 52.040504456
0.923468411 0.074259631 0.376419544 0.117324829 -0.072387271 0.997192979 -0.019137749 0.062150776 -0.376784056 -0.009574877 0.926251650 52.278835297
0.910879970 0.072331406 0.406282902 0.259233475 -0.069674082 0.997341335 -0.021350570 0.053666711 -0.406746954 -0.008859579 0.913497865 52.513339996
0.895980000 0.069634274 0.438601017 0.404474258 -0.065743685 0.997546136 -0.024072845 0.045713305 -0.439200997 -0.007266453 0.898359418 52.739479065
0.878604889 0.069092490 0.472524941 0.557514191 -0.063248195 0.997597456 -0.028265886 0.035889745 -0.473342597 -0.005051794 0.880863905 52.959518433
0.859274983 0.070855871 0.506582618 0.721210480 -0.062516712 0.997482359 -0.033476148 0.030079007 -0.507679164 -0.002904670 0.861541271 53.177520752
0.837621033 0.072726332 0.541388810 0.910633087 -0.062014978 0.997350395 -0.038029224 0.021502018 -0.542720139 -0.001720142 0.839911878 53.405464172
0.812946141 0.075592674 0.577411890 1.105173111 -0.063047506 0.997135699 -0.041775994 0.012046814 -0.578915954 -0.002442743 0.815383494 53.631790161
0.785489738 0.079526819 0.613743782 1.314815521 -0.065969430 0.996818483 -0.044734411 -0.000692368 -0.615348577 -0.005349912 0.788236916 53.863273621
0.755624890 0.083832733 0.649617732 1.542379379 -0.069617540 0.996436954 -0.047611509 -0.016297340 -0.651294351 -0.009248346 0.758768737 54.091133118
0.722514570 0.085125774 0.686094999 1.797817230 -0.069503076 0.996306717 -0.050422151 -0.032568932 -0.687853158 -0.011254972 0.725762546 54.321907043
0.685913920 0.082661062 0.722972512 2.080467224 -0.065829873 0.996502101 -0.051479533 -0.052376032 -0.724698901 -0.012282652 0.688956141 54.548294067
0.646835804 0.080881052 0.758328199 2.369365692 -0.062684879 0.996634126 -0.052829374 -0.075600147 -0.760048687 -0.013363780 0.649728715 54.754272461
0.604305327 0.080249704 0.792701125 2.702560425 -0.060601793 0.996662140 -0.054698877 -0.096671820 -0.794444740 -0.014984279 0.607151508 54.975082397
0.558088243 0.079946645 0.825921357 3.057340622 -0.056930147 0.996691525 -0.058008075 -0.117364287 -0.827826381 -0.014646203 0.560793221 55.180992126
0.509656250 0.078743175 0.856767237 3.436330795 -0.053779617 0.996771455 -0.059619263 -0.142891645 -0.858695686 -0.015691288 0.512245536 55.375770569
0.461282700 0.077105314 0.883896530 3.853853226 -0.051764477 0.996858597 -0.059944827 -0.159668207 -0.885741889 -0.018102929 0.463824958 55.556632996
0.411859244 0.074713297 0.908179462 4.288410187 -0.050846770 0.996964693 -0.058958389 -0.181547999 -0.909827769 -0.021895433 0.414408028 55.722133636
0.361670911 0.074454688 0.929328084 4.740476608 -0.053982113 0.996806026 -0.058852337 -0.205177784 -0.930741668 -0.028881919 0.364535004 55.877998352
0.312003791 0.074868068 0.947126389 5.203092575 -0.051869832 0.996745884 -0.061703335 -0.223954797 -0.948663890 -0.029875612 0.314871907 56.012134552
0.264774621 0.071714677 0.961639941 5.685372353 -0.041476902 0.997154891 -0.062943093 -0.259671569 -0.963417828 -0.023220111 0.266995847 56.103725433
0.220555782 0.065849587 0.973148882 6.197109222 -0.028107487 0.997733235 -0.061142784 -0.285899937 -0.974969327 -0.013867377 0.221906722 56.180576324
0.178505659 0.064915463 0.981795192 6.719840050 -0.018920537 0.997863293 -0.062537827 -0.314339280 -0.983756900 -0.007412741 0.179352403 56.239517212
0.139672220 0.066314414 0.987974703 7.250585079 -0.015759880 0.997777402 -0.064744383 -0.339599967 -0.990072370 -0.006527371 0.140406892 56.297008514
0.107556410 0.067285016 0.991919458 7.773448944 -0.007096300 0.997733712 -0.066909932 -0.371549189 -0.994173586 0.000157635 0.107790142 56.314865112
0.078325480 0.065455846 0.994776666 8.336040497 0.000106760 0.997841656 -0.065665931 -0.409405291 -0.996927798 0.005249518 0.078149453 56.340976715
0.053414781 0.063543551 0.996548593 8.905880928 0.006675840 0.997928202 -0.063989341 -0.446211398 -0.998550057 0.010070777 0.052879926 56.351589203
0.033301592 0.062739298 0.997474194 9.486148834 0.011467615 0.997938097 -0.063151337 -0.471519232 -0.999379575 0.013541690 0.032513455 56.357227325
0.017713720 0.065054804 0.997724473 10.060742378 0.014608595 0.997757614 -0.065316327 -0.492463589 -0.999736309 0.015732346 0.016723642 56.349590302
0.004099182 0.064724177 0.997894824 10.658709526 0.015075182 0.997785747 -0.064779036 -0.528383791 -0.999877870 0.015308985 0.003114374 56.349346161
-0.007563917 0.065643787 0.997814417 11.268529892 0.016151257 0.997720897 -0.065515183 -0.563380718 -0.999840975 0.015620407 -0.008606911 56.343036652
-0.016488040 0.068260118 0.997531295 11.890611649 0.020881735 0.997472763 -0.067910969 -0.603409648 -0.999646068 0.019710463 -0.017871752 56.322052002
-0.022939054 0.070355482 0.997258186 12.525831223 0.024804827 0.997253656 -0.069784597 -0.635015905 -0.999429107 0.023136023 -0.024621211 56.294441223
-0.027449129 0.069554090 0.997200429 13.167001724 0.025403040 0.997302830 -0.068861954 -0.670825481 -0.999300361 0.023441721 -0.029141981 56.273937225
-0.031234175 0.066806078 0.997276962 13.815855980 0.022774618 0.997552335 -0.066111222 -0.707525313 -0.999252558 0.020647673 -0.032679208 56.260879517
-0.033752356 0.059950635 0.997630477 14.492969513 0.020786867 0.998025477 -0.059271090 -0.744483531 -0.999214053 0.018737076 -0.034931898 56.247642517
-0.034928095 0.054689374 0.997892261 15.195717812 0.022311324 0.998295426 -0.053930521 -0.777077615 -0.999140739 0.020380612 -0.036088750 56.215778351
-0.035287391 0.051987980 0.998024046 15.885675430 0.024891973 0.998381972 -0.051126499 -0.811681151 -0.999067128 0.023038669 -0.036524378 56.187324524
-0.034952529 0.054099414 0.997923672 16.577121735 0.028377209 0.998184919 -0.053119659 -0.850741208 -0.998986006 0.026461622 -0.036424268 56.156627655
-0.034067657 0.061537921 0.997523189 17.280069351 0.029173898 0.997738481 -0.060554851 -0.882465303 -0.998993576 0.027038679 -0.035785917 56.132194519
-0.032050945 0.069562219 0.997062624 17.983638763 0.029912356 0.997195125 -0.068609908 -0.916242123 -0.999038458 0.027625479 -0.034041811 56.116466522
-0.029898493 0.070361771 0.997073352 18.730958939 0.030545941 0.997117758 -0.069448948 -0.954042673 -0.999086082 0.028380126 -0.031961583 56.085750580
-0.027637193 0.066106878 0.997429729 19.461523056 0.029926861 0.997418284 -0.065276898 -0.995047212 -0.999169946 0.028045869 -0.029544212 56.070266724
-0.025307937 0.059702970 0.997895241 20.204765320 0.029356604 0.997828901 -0.058954488 -1.037918687 -0.999248564 0.027802803 -0.027005669 56.055538177
-0.022079729 0.058070052 0.998068273 20.941059113 0.027639851 0.997965515 -0.057452619 -1.080529451 -0.999374151 0.026317921 -0.023639856 56.040428162
-0.018474795 0.063630916 0.997802436 21.676193237 0.035170030 0.997396588 -0.062953837 -1.119738460 -0.999210596 0.033929687 -0.020664595 56.017807007
-0.016110662 0.068700328 0.997507274 22.417476654 0.037310746 0.996983230 -0.068061620 -1.171150446 -0.999173760 0.036121234 -0.018625315 56.014438629
-0.013884542 0.069313288 0.997498333 23.150039673 0.031045783 0.997143447 -0.068856493 -1.211646557 -0.999421477 0.030012079 -0.015996762 56.021377563
-0.010480363 0.065966211 0.997766852 23.892848969 0.026618291 0.997486472 -0.065668076 -1.253305435 -0.999590755 0.025870625 -0.012209929 56.022556305
-0.005335424 0.061886355 0.998068988 24.630369186 0.030818140 0.997619331 -0.061693713 -1.307993293 -0.999510825 0.030429475 -0.007229945 56.009853363
-0.002071384 0.063051514 0.998008132 25.385696411 0.035291784 0.997393191 -0.062939435 -1.355645537 -0.999375045 0.035091121 -0.004291186 56.006397247
0.000474799 0.067739993 0.997702837 26.130968094 0.035099354 0.997087240 -0.067714892 -1.397082686 -0.999383807 0.035050884 -0.001904214 56.011974335
0.004873827 0.068494715 0.997639596 26.872949600 0.031098390 0.997158527 -0.068613619 -1.439603329 -0.999504447 0.031359401 0.002729902 56.020832062
0.008547137 0.068080798 0.997643232 27.619819641 0.030808175 0.997188091 -0.068313688 -1.482151985 -0.999488771 0.031319458 0.006425658 56.032283783
0.011689857 0.064983875 0.997817814 28.367347717 0.034585468 0.997262776 -0.065352909 -1.535757303 -0.999333382 0.035273962 0.009410359 56.039768219
0.015502058 0.065584973 0.997726560 29.115591049 0.038928278 0.997050405 -0.066145368 -1.581611633 -0.999121726 0.039865170 0.012903221 56.041923523
0.019342633 0.066526979 0.997597039 29.859386444 0.041874602 0.996854305 -0.067289382 -1.627136230 -0.998935640 0.043075535 0.016495999 56.050262451
0.022076037 0.066796876 0.997522295 30.609382629 0.042162631 0.996815562 -0.067682661 -1.668534756 -0.998866796 0.043552332 0.019189406 56.069477081
0.025043998 0.064528137 0.997601569 31.356765747 0.043489933 0.996899486 -0.065574519 -1.728652239 -0.998739898 0.045027867 0.022160022 56.095058441
0.028589308 0.063695483 0.997559786 32.102943420 0.045544010 0.996848345 -0.064955302 -1.772955894 -0.998553157 0.047289908 0.025598256 56.119087219
0.031235779 0.064235874 0.997445762 32.854351044 0.043651409 0.996892929 -0.065567255 -1.816322565 -0.998558342 0.045587953 0.028334741 56.151096344
0.034530587 0.065993100 0.997222424 33.613639832 0.040750563 0.996894717 -0.067382470 -1.860829592 -0.998572409 0.042964134 0.031734109 56.181304932
0.037336051 0.065954775 0.997123837 34.365848541 0.042628106 0.996806204 -0.067529917 -1.906729221 -0.998393118 0.045026798 0.034405276 56.210891724
0.040238950 0.065555833 0.997037232 35.120925903 0.040982887 0.996897340 -0.067200653 -1.952647924 -0.998349249 0.043565545 0.037427444 56.234481812
0.042797662 0.066007644 0.996900856 35.880870819 0.039388817 0.996927798 -0.067700408 -1.997169733 -0.998306990 0.042164169 0.040066212 56.268199921
0.045335427 0.065925509 0.996794164 36.640182495 0.036479868 0.997045219 -0.067601271 -2.048009396 -0.998305559 0.039427649 0.042796507 56.316406250
0.048767027 0.068145692 0.996482790 37.407150269 0.034962784 0.996941924 -0.069888137 -2.091353416 -0.998198092 0.038248040 0.046235327 56.357276917
0.052075557 0.071694851 0.996066332 38.170852661 0.033896219 0.996717989 -0.073513895 -2.140815258 -0.998067737 0.037591163 0.049474455 56.404720306
0.055151343 0.073504284 0.995768726 38.934913635 0.033514030 0.996588409 -0.075420976 -2.200780869 -0.997915387 0.037531793 0.052499760 56.446743011
0.057582602 0.075927697 0.995449185 39.706439972 0.027658975 0.996599615 -0.077615395 -2.248909712 -0.997957528 0.032002401 0.055286713 56.507587433
0.060646489 0.074975431 0.995339453 40.485797882 0.023964977 0.996778190 -0.076543994 -2.301725388 -0.997871578 0.028495409 0.058654308 56.561851501
0.064556509 0.075365350 0.995064139 41.262939453 0.026292406 0.996669471 -0.077192709 -2.359075546 -0.997567534 0.031145923 0.062359966 56.614841461
0.068346888 0.077071838 0.994680166 42.039630890 0.025314884 0.996556520 -0.078956686 -2.408511162 -0.997340381 0.030576652 0.066160478 56.661327362
0.072195582 0.078304976 0.994311869 42.823715210 0.021562466 0.996557832 -0.080047473 -2.459835529 -0.997157395 0.027218891 0.070258632 56.728210449
0.076330289 0.075891785 0.994190216 43.619613647 0.020569442 0.996767104 -0.077667758 -2.520045996 -0.996870339 0.026378337 0.074522465 56.796424866
0.080953822 0.075822681 0.993829668 44.416236877 0.020796105 0.996756673 -0.077739976 -2.582671404 -0.996500850 0.026961133 0.079114445 56.869247437
0.085874051 0.079504885 0.993128657 45.206813812 0.017018702 0.996548414 -0.081250235 -2.638875961 -0.996160626 0.023879044 0.084224574 56.936759949
0.091647826 0.088315412 0.991867423 45.996948242 0.014742128 0.995829880 -0.090030387 -2.697143555 -0.995682240 0.022873325 0.089963704 57.020053864
0.099415570 0.093201794 0.990671456 46.796031952 0.013578879 0.995383859 -0.095007800 -2.759730577 -0.994953334 0.022897463 0.097691074 57.100608826
0.106676757 0.096119113 0.989636898 47.598690033 0.009143368 0.995179534 -0.097643033 -2.828264952 -0.994251668 0.019464856 0.105283670 57.199241638
0.113535739 0.094058350 0.989071608 48.397304535 0.005602067 0.995432258 -0.095306285 -2.901787519 -0.993518114 0.016361516 0.112490200 57.302391052
0.120849267 0.092760600 0.988327324 49.204753876 0.005568936 0.995545387 -0.094118990 -2.967881203 -0.992655158 0.016878147 0.119794354 57.411800385
0.128643557 0.089198768 0.987671196 50.026145935 0.005298531 0.995870590 -0.090629406 -3.037500858 -0.991676748 0.016892100 0.127639711 57.519512177
0.136134028 0.083568923 0.987159371 50.835968018 0.003213445 0.996393323 -0.084793776 -3.106558800 -0.990685225 0.014715500 0.135374516 57.640266418
0.142837316 0.076233961 0.986805856 51.656696320 0.000771722 0.997020364 -0.077134758 -3.168049812 -0.989745855 0.011779263 0.142352894 57.777824402
0.150322556 0.073319212 0.985914528 52.464778900 0.000218388 0.997243822 -0.074195035 -3.240798950 -0.988636911 0.011368499 0.149892196 57.899349213
0.157640204 0.074963398 0.984647155 53.266925812 -0.000050903 0.997115135 -0.075904451 -3.303128242 -0.987496495 0.011915475 0.157189250 58.033172607
0.163522542 0.081831060 0.983139932 54.052577972 0.000780035 0.996542811 -0.083076380 -3.357229233 -0.986539304 0.014351747 0.162893400 58.167625427
0.168670282 0.085487045 0.981958449 54.836891174 -0.000664653 0.996241450 -0.086616337 -3.416344404 -0.985672295 0.013956939 0.168093145 58.310478210
0.172944650 0.088624574 0.980936229 55.615348816 -0.001933627 0.995972097 -0.089642115 -3.481889486 -0.984929681 0.013606359 0.172419459 58.472969055
0.178477600 0.087914251 0.980008602 56.376224518 -0.005010239 0.996068656 -0.088442490 -3.553750277 -0.983931184 0.010874930 0.178216413 58.605838776
0.183855310 0.084886909 0.979281068 57.142829895 -0.001195848 0.996282697 -0.086136132 -3.620422602 -0.982952595 0.014665514 0.183273360 58.746669769
0.188096091 0.078453735 0.979012191 57.902145386 -0.000081217 0.996805727 -0.079864033 -3.674381256 -0.982150674 0.014942600 0.187501639 58.900276184
0.191351593 0.072399817 0.978847742 58.652667999 -0.001904207 0.997301221 -0.073392481 -3.732671261 -0.981519699 0.012179837 0.190973103 59.055049896
0.194502369 0.068912059 0.978478491 59.391475677 -0.005457075 0.997589648 -0.069173254 -3.789039850 -0.980886936 0.008114735 0.194409639 59.213047028
0.198124483 0.068791173 0.977759898 60.122894287 -0.006729075 0.997606099 -0.068823934 -3.845721722 -0.980153739 0.007056291 0.198113099 59.360301971
0.200381398 0.070918098 0.977147877 60.838459015 -0.008897742 0.997467220 -0.070568167 -3.896455765 -0.979677558 0.005446138 0.200504914 59.510715485
0.201949209 0.075349323 0.976493180 61.539928436 -0.013123864 0.997154891 -0.074229486 -3.948038578 -0.979308009 0.002175221 0.202363476 59.666019440
0.203937858 0.079583533 0.975743651 62.232276917 -0.014045834 0.996825635 -0.078367323 -3.999912262 -0.978883088 0.002276934 0.204408318 59.819885254
0.205766112 0.084966011 0.974905610 62.916393280 -0.014493467 0.996378958 -0.083778441 -4.053392887 -0.978493869 0.003109003 0.206252486 59.974960327
0.207265243 0.086768433 0.974429250 63.591369629 -0.013876714 0.996219456 -0.085757114 -4.109056473 -0.978186369 0.004252592 0.207685709 60.123603821
0.208666146 0.086698420 0.974136472 64.263771057 -0.016111059 0.996232390 -0.085213877 -4.163742065 -0.977854192 0.002086879 0.209276810 60.275291443
0.208952591 0.083699748 0.974337280 64.926246643 -0.016068140 0.996489823 -0.082156830 -4.220098495 -0.977793813 0.001511098 0.209564030 60.423942566
0.209720910 0.081136100 0.974389136 65.583282471 -0.015988149 0.996702373 -0.079552919 -4.274174690 -0.977630496 0.001105233 0.210326567 60.567661285
0.209770367 0.079939701 0.974477351 66.233589172 -0.014957247 0.996797860 -0.078550965 -4.326568127 -0.977636158 0.001902168 0.210294321 60.707721710
0.207822353 0.079033315 0.974968612 66.865493774 -0.014890970 0.996870637 -0.077634625 -4.376972675 -0.978053153 0.001615988 0.208348870 60.852523804
0.206821397 0.079626299 0.975133121 67.475090027 -0.016039440 0.996824622 -0.077995680 -4.431910515 -0.978247225 0.000490584 0.207441807 60.977870941
0.204423234 0.082477547 0.975401759 68.083274841 -0.016906984 0.996592879 -0.080726072 -4.483549118 -0.978736639 0.000011183 0.205121189 61.111602783
0.202299878 0.086097375 0.975531638 68.679672241 -0.014844919 0.996283114 -0.084850386 -4.534870148 -0.979211092 0.002683532 0.202826068 61.233829498
0.200803503 0.086700462 0.975787342 69.277198792 -0.012705049 0.996222615 -0.085901633 -4.583232880 -0.979549170 0.004851924 0.201146513 61.353469849
0.198330760 0.085797668 0.976372659 69.865859985 -0.013243433 0.996304870 -0.084859051 -4.627676964 -0.980045617 0.003899634 0.198734149 61.477565765
0.195796818 0.082954079 0.977129579 70.453926086 -0.013517616 0.996549308 -0.081894070 -4.675334454 -0.980551302 0.002826138 0.196242556 61.599021912
0.193720624 0.078826003 0.977884829 71.028961182 -0.012877885 0.996885359 -0.077806473 -4.726292133 -0.980972171 0.002479630 0.194132358 61.716201782
0.192105070 0.077683836 0.978294909 71.592094421 -0.009389398 0.996961951 -0.077322379 -4.776885986 -0.981329381 0.005668421 0.192250878 61.820796967
0.190206319 0.079521798 0.978518128 72.136070251 -0.005783250 0.996787667 -0.079882324 -4.815260887 -0.981727123 0.009535108 0.190055147 61.923019409
0.187793940 0.081492782 0.978821874 72.687622070 -0.001441275 0.996573985 -0.082694218 -4.856495380 -0.982207477 0.014118721 0.187267989 62.025783539
0.186083749 0.083487324 0.978980482 73.232597351 -0.002166808 0.996415854 -0.084562339 -4.898142815 -0.982531548 0.013614417 0.185597718 62.128715515
0.184612915 0.086201966 0.979023635 73.777595520 -0.002649102 0.996186137 -0.087213553 -4.939762592 -0.982807696 0.013507219 0.184137210 62.235576630
0.183308959 0.084546506 0.979412854 74.325286865 -0.000760708 0.996306717 -0.085862450 -4.988256454 -0.983054996 0.014994311 0.182696283 62.338111877
0.184519097 0.082982436 0.979319513 74.872581482 0.005378725 0.996329069 -0.085437164 -5.029399872 -0.982814252 0.021032281 0.183395430 62.423984528
0.186705142 0.080918379 0.979077756 75.406127930 0.009725481 0.996401012 -0.084204704 -5.070807457 -0.982367873 0.025243459 0.185246199 62.518962860
0.188851014 0.080068275 0.978736103 75.957649231 0.012595432 0.996390939 -0.083942920 -5.116390705 -0.981924951 0.028180309 0.187160969 62.621566772
0.192130730 0.080001675 0.978102922 76.513168335 0.009702652 0.996468127 -0.083409719 -5.161318779 -0.981321454 0.025515765 0.190675899 62.737060547
0.197313949 0.080602087 0.977021277 77.067329407 0.008888029 0.996426284 -0.083997943 -5.203575611 -0.980300069 0.025257757 0.195892408 62.862228394
0.203689203 0.079724506 0.975784123 77.631309509 0.010019759 0.996456921 -0.083505102 -5.245080948 -0.978984356 0.026786206 0.202168703 62.987995148
0.211766094 0.079729505 0.974062741 78.199089050 0.008106182 0.996489286 -0.083327495 -5.290575027 -0.977286756 0.025541864 0.210376352 63.112342834
0.219887078 0.077900022 0.972410023 78.771415710 0.008399309 0.996618390 -0.081738651 -5.332213402 -0.975489259 0.026140844 0.218489215 63.256126404
0.228625178 0.077847950 0.970396876 79.334037781 0.004565091 0.996700823 -0.081033669 -5.373005867 -0.973503828 0.022956291 0.227515563 63.388389587
0.238311082 0.077513903 0.968090653 79.915924072 0.003451694 0.996735871 -0.080657199 -5.418505669 -0.971182704 0.022563057 0.237265661 63.539352417
0.247576207 0.081505194 0.965434015 80.498008728 -0.002053358 0.996497095 -0.083601087 -5.461618423 -0.968866169 0.018715257 0.246876329 63.709812164
0.257006943 0.083636783 0.962783575 81.100799561 -0.005336549 0.996355653 -0.085128635 -5.505572796 -0.966394782 0.016740711 0.256516635 63.890396118
0.267920047 0.086155251 0.959581196 81.701042175 -0.009356481 0.996179223 -0.086828798 -5.555567265 -0.963395715 0.014284872 0.267702550 64.071266174
0.278197616 0.088206097 0.956465244 82.311950684 -0.010935236 0.996000826 -0.088671498 -5.601947308 -0.960461617 0.014209029 0.278049648 64.256973267
0.287820667 0.089077190 0.953532696 82.931053162 -0.014124731 0.995951414 -0.088776365 -5.651621819 -0.957580149 0.012083286 0.287913680 64.459197998
0.298047215 0.089157298 0.950378239 83.557632446 -0.014789559 0.995940208 -0.088793449 -5.704798698 -0.954436541 0.012408967 0.298155844 64.666778564
0.307937473 0.090055346 0.947134912 84.199913025 -0.018821467 0.995891929 -0.088571928 -5.752175331 -0.951220393 0.009448147 0.308367401 64.894721985
0.318747491 0.085929215 0.943936527 84.841026306 -0.019015998 0.996261418 -0.084271215 -5.794399261 -0.947648823 0.008911339 0.319189876 65.112213135
0.329434246 0.078324258 0.940924227 85.500328064 -0.014900446 0.996860445 -0.077763602 -5.848036766 -0.944060922 0.011597799 0.329567045 65.346908569
0.340440333 0.074080124 0.937343240 86.172424316 -0.013319240 0.997171521 -0.073970936 -5.896846771 -0.940171719 0.012697991 0.340464056 65.594604492
0.350973189 0.071380250 0.933660805 86.853187561 -0.014796820 0.997388601 -0.070690066 -5.941712379 -0.936268687 0.010995104 0.351112902 65.852844238
0.360145390 0.068897165 0.930348575 87.540397644 -0.008370020 0.997467637 -0.070627578 -5.983654976 -0.932858586 0.017649157 0.359810084 66.123870850
0.368996084 0.063471645 0.927261174 88.242279053 -0.001694648 0.997709751 -0.067619525 -6.023366928 -0.929429412 0.023379961 0.368258566 66.396270752
0.375989348 0.054224730 0.925036073 88.962272644 0.007825552 0.998064876 -0.061686378 -6.065068722 -0.926590919 0.030432340 0.374837458 66.678466797
0.383129001 0.049573887 0.922363579 89.671867371 0.013219660 0.998162150 -0.059138946 -6.108873367 -0.923600256 0.034851171 0.381769508 66.969345093
0.390109420 0.049648121 0.919429064 90.374420166 0.014864530 0.998075426 -0.060201898 -6.158378601 -0.920648634 0.037152205 0.388620704 67.275619507
0.397685051 0.055827815 0.915821970 91.091156006 0.017581781 0.997500122 -0.068441547 -6.197331429 -0.917353511 0.043319959 0.395709366 67.585830688
0.404934496 0.060267739 0.912357271 91.795768738 0.021513402 0.996921003 -0.075402148 -6.237941742 -0.914092600 0.050160840 0.402391165 67.892936707
0.409929991 0.062396653 0.909980297 92.498718262 0.019461963 0.996831954 -0.077119276 -6.290189743 -0.911909342 0.049323507 0.407416940 68.220840454
0.414692640 0.063889243 0.907715917 93.209411621 0.012190431 0.997052610 -0.075746410 -6.349823475 -0.909879923 0.042476926 0.412691474 68.556915283
0.418574095 0.067573398 0.905665219 93.896499634 0.005503122 0.997021139 -0.076933026 -6.407474995 -0.908165991 0.037186157 0.416955262 68.894638062
0.422527969 0.070565753 0.903598726 94.574691772 0.004713832 0.996780038 -0.080046870 -6.468389034 -0.906337619 0.038081456 0.420834750 69.221839905
0.426696569 0.074946418 0.901283979 95.249526978 0.001584682 0.996496975 -0.083614103 -6.521475792 -0.904393375 0.037106100 0.425083041 69.541160583
0.430256575 0.077612072 0.899363995 95.917327881 -0.001266367 0.996348143 -0.085375637 -6.582995415 -0.902705669 0.035594512 0.428783596 69.871185303
0.434251517 0.076569512 0.897531450 96.576927185 -0.002522520 0.996480167 -0.083790481 -6.636108875 -0.900788069 0.034122098 0.432916194 70.194992065
0.438438654 0.073237628 0.895772159 97.227157593 -0.001552756 0.996734560 -0.080732249 -6.699144363 -0.898759723 0.034005225 0.437120706 70.514228821
0.441534162 0.070557624 0.894465804 97.867813110 -0.001940808 0.996976018 -0.077685811 -6.754523277 -0.897242308 0.032564964 0.440335870 70.837570190
0.445223302 0.069504373 0.892717957 98.500907898 -0.002918986 0.997090161 -0.076174714 -6.812117577 -0.895414770 0.031308923 0.444130659 71.161987305
0.448708266 0.071361564 0.890824556 99.121910095 -0.005110762 0.996995330 -0.077292345 -6.863729000 -0.893663585 0.030128926 0.447724819 71.479454041
0.451214373 0.072114743 0.889497101 99.727432251 -0.004475297 0.996899903 -0.078552105 -6.916020393 -0.892404318 0.031463079 0.450138360 71.796539307
0.453409851 0.070200063 0.888533294 100.327667236 -0.002458317 0.996988297 -0.077514254 -6.969128609 -0.891298652 0.032961439 0.452216864 72.102699280
0.455295742 0.068788104 0.887678981 100.914772034 -0.000702573 0.997038305 -0.076902248 -7.026828289 -0.890339971 0.034389608 0.453995645 72.395202637
0.457105130 0.068579257 0.886764705 101.496795654 -0.001592323 0.997084260 -0.076290183 -7.073575020 -0.889411211 0.033460617 0.455881625 72.702018738
0.459018379 0.067635410 0.885848463 102.071884155 0.000001233 0.997097909 -0.076130040 -7.125577927 -0.888426721 0.034946177 0.457686186 73.004531860
0.461668372 0.069504410 0.884325504 102.629638672 -0.000550259 0.996947825 -0.078068793 -7.170165062 -0.887052417 0.035555281 0.460297465 73.295455933
0.464537382 0.069431134 0.882827401 103.186737061 0.002516229 0.996814191 -0.079719774 -7.219476700 -0.885549903 0.039254211 0.462882698 73.588088989
0.467596591 0.068843715 0.881256938 103.737144470 0.004231344 0.996776760 -0.080113254 -7.266403198 -0.883931816 0.041189592 0.465798110 73.878486633
0.470628500 0.067330457 0.879758716 104.269706726 0.006728545 0.996781290 -0.079885975 -7.316709518 -0.882305741 0.043516118 0.468660682 74.170043945
0.473752081 0.066285647 0.878160059 104.798034668 0.008242320 0.996785939 -0.079686396 -7.362879753 -0.880619586 0.044989679 0.471683025 74.458328247
0.477018714 0.066010207 0.876410782 105.315147400 0.009424449 0.996734023 -0.080202416 -7.405698776 -0.878842652 0.046517737 0.474838644 74.741348267
0.480599284 0.065001391 0.874528050 105.829261780 0.010232534 0.996765614 -0.079710312 -7.453410625 -0.876880646 0.047257349 0.478379667 75.027999878
0.483927786 0.064570606 0.872722507 106.336380005 0.011648064 0.996710479 -0.080203071 -7.498855591 -0.875030458 0.048978023 0.481583744 75.310966492
0.487832248 0.065714546 0.870460451 106.838706970 0.011336268 0.996601403 -0.081590638 -7.544579029 -0.872863829 0.049670309 0.485429317 75.599044800
0.491858840 0.065842099 0.868181884 107.336914062 0.012986325 0.996470869 -0.082928665 -7.595018387 -0.870578110 0.052063692 0.489267886 75.886329651
0.496905565 0.069139384 0.865046084 107.829383850 0.010963086 0.996241450 -0.085922763 -7.641103745 -0.867735386 0.052179068 0.494279951 76.171386719
0.502086699 0.074823625 0.861574531 108.312248230 0.007288752 0.995848656 -0.090732269 -7.691205978 -0.864786625 0.051835254 0.499456942 76.469543457
0.507895410 0.081961699 0.857510746 108.795181274 0.002289246 0.995331347 -0.096490622 -7.737926006 -0.861415744 0.050970182 0.505336523 76.770736694
0.513800323 0.088318840 0.853351653 109.271820068 -0.002835776 0.994856238 -0.101256669 -7.786499500 -0.857905090 0.049605787 0.511407912 77.074447632
0.520180285 0.092898846 0.848989010 109.762825012 -0.007020392 0.994498193 -0.104519434 -7.844491482 -0.854027629 0.048408709 0.517970443 77.390159607
0.525669336 0.093350202 0.845551670 110.250022888 -0.011158205 0.994632125 -0.102871984 -7.892796516 -0.850615859 0.044641811 0.523889184 77.705749512
0.531046212 0.092768520 0.842249274 110.743247986 -0.017786494 0.994990170 -0.098377429 -7.943593502 -0.847156227 0.037262294 0.530035734 78.036056519
0.536631227 0.090163253 0.838985980 111.240242004 -0.023841649 0.995498180 -0.091733582 -7.997731686 -0.843480051 0.029224284 0.536365032 78.382308960
0.542618930 0.088457860 0.835308254 111.747222900 -0.030297793 0.995853424 -0.085777819 -8.049575806 -0.839432359 0.021236664 0.543049097 78.724884033
0.548665285 0.086184755 0.831588030 112.254875183 -0.032684632 0.996123135 -0.081672303 -8.099387169 -0.835402966 0.017630607 0.549355209 79.075592041
0.555164814 0.089890838 0.826868534 112.768600464 -0.037797805 0.995842218 -0.082882687 -8.144210815 -0.830880940 0.014759745 0.556254387 79.434730530
0.560834944 0.094076514 0.822565377 113.281341553 -0.041907493 0.995475471 -0.085279137 -8.189601898 -0.826866329 0.013355871 0.562239885 79.812286377
0.567222834 0.097513765 0.817771018 113.807716370 -0.044257496 0.995139778 -0.087965921 -8.229623795 -0.822374403 0.013703784 0.568781734 80.189437866
0.573484063 0.099687442 0.813128829 114.336585999 -0.046692796 0.994932473 -0.089044593 -8.279587746 -0.817884922 0.013098406 0.575232685 80.579002380
