1.000000000 0.000000000 0.000000000 0.000000000 0.000000000 1.000000000 0.000000000 0.000000000 0.000000000 0.000000000 1.000000000 0.000000000
0.999871969 0.007797983 0.013973016 -0.171075389 -0.007805797 0.999969423 0.000504765 0.009648269 -0.013968652 -0.000613771 0.999902189 0.360547423
0.999760091 0.015474102 0.015510808 -0.400335014 -0.015896834 0.999495029 0.027511595 0.019004595 -0.015077261 -0.027751559 0.999501169 0.829639673
0.999729276 0.023065742 -0.003044291 -0.627937913 -0.023079505 0.999723196 -0.004565950 0.133508846 0.002938131 0.004634975 0.999984860 1.302074671
0.999078929 0.028260201 -0.032287743 -0.812666774 -0.028583476 0.999545276 -0.009594820 0.169401884 0.032001913 0.010508881 0.999432564 1.667286515
0.998089433 -0.006530284 -0.061439134 -1.058645010 0.006551078 0.999978542 0.000137027 0.176891893 0.061436918 -0.000539257 0.998110831 2.126202583
0.996672034 0.019122422 -0.079241201 -1.250491023 -0.020826207 0.999568284 -0.020730840 0.239449084 0.078810558 0.022312144 0.996639907 2.462945461
0.998331666 0.003904877 -0.057606563 -1.495804548 -0.005615797 0.999546945 -0.029568171 0.268134743 0.057465009 0.029842349 0.997901380 2.883492708
0.999078631 0.014499859 -0.040393181 -1.729692459 -0.013246953 0.999428034 0.031114589 0.301910400 0.040821232 -0.030550832 0.998699307 3.335397482
0.997386515 0.031188020 -0.065171883 -1.899210811 -0.031404819 0.999504030 -0.002304579 0.380033195 0.065067694 0.004345266 0.997871399 3.659183741
0.992356122 0.019469157 -0.121861741 -2.087612152 -0.020178122 0.999785900 -0.004586298 0.453519136 0.121746354 0.007010181 0.992536485 3.996365070
0.983288527 -0.020047098 -0.180946633 -2.351083755 0.024914194 0.999385238 0.024665100 0.479110211 0.180340946 -0.028761052 0.983183563 4.462157249
0.971710801 -0.007029949 -0.236069113 -2.599877119 0.013010682 0.999632418 0.023786489 0.551997602 0.235815123 -0.026185011 0.971445084 4.876402378
0.970613360 0.003205899 -0.240622863 -2.771751881 -0.001596064 0.999975026 0.006884871 0.598461926 0.240638912 -0.006298499 0.970594287 5.162065983
0.969247282 0.003575464 -0.246062934 -2.973492146 -0.004657576 0.999981880 -0.003815867 0.600623310 0.246044844 0.004844576 0.969246328 5.538785458
0.970147848 -0.005521220 -0.242451683 -3.108600140 0.013141538 0.999468803 0.029824274 0.540581465 0.242158219 -0.032120142 0.969704866 5.813928604
0.969215989 -0.026067458 -0.244828299 -3.288450956 0.027115129 0.999631941 0.000909043 0.634537935 0.244714454 -0.007519611 0.969566107 6.104255199
0.965231776 -0.026498027 -0.260049045 -2.587525845 0.030159535 0.999494135 0.010099336 0.351897955 0.259649873 -0.017591156 0.965542614 5.965751171
0.964203358 -0.035767730 -0.262740493 -3.677131176 0.036166411 0.999340236 -0.003320192 0.805494487 0.262685895 -0.006301041 0.964860857 6.797698498
0.965223014 -0.029065538 -0.259807110 -3.964495182 0.027114974 0.999570847 -0.011089237 0.957364082 0.260017931 0.003658923 0.965596795 7.254648685
0.970841706 -0.014687812 -0.239271030 -1.880739093 0.014026945 0.999891579 -0.004464701 0.344467968 0.239310682 0.000978276 0.970942497 3.741775990
0.972757280 -0.005762436 -0.231754363 -1.991438150 0.010461241 0.999763846 0.019051084 0.363404632 0.231589824 -0.020956514 0.972587705 3.706811428
0.969258726 0.000974113 -0.246041745 -4.085725307 -0.003687046 0.999937415 -0.010565876 0.736319244 0.246016055 0.011148235 0.969201624 7.988541126
0.958167195 0.003347780 -0.286189675 -3.265853405 -0.014464525 0.999220192 -0.036738783 0.010543004 0.285843551 0.039341491 0.957468390 5.600249767
0.947903633 -0.014197408 -0.318240434 -2.949459791 0.011415946 0.999878645 -0.010603496 0.310266137 0.318352342 0.006418076 0.947950721 5.406388283
0.935568511 -0.016899336 -0.352740824 -2.602714539 0.014119840 0.999845684 -0.010451446 0.295628279 0.352863014 0.004797400 0.935662687 4.983015060
0.932542443 -0.005414394 -0.361019731 -2.859093428 0.001827364 0.999945581 -0.010276457 0.329948694 0.361055702 0.008923518 0.932501554 5.254297256
0.932542443 -0.005414394 -0.361019731 -2.859093428 0.001827364 0.999945581 -0.010276457 0.329948694 0.361055702 0.008923518 0.932501554 5.254297256
0.932542443 -0.005414394 -0.361019731 -2.859093428 0.001827364 0.999945581 -0.010276457 0.329948694 0.361055702 0.008923518 0.932501554 5.254297256
0.932542443 -0.005414394 -0.361019731 -2.859093428 0.001827364 0.999945581 -0.010276457 0.329948694 0.361055702 0.008923518 0.932501554 5.254297256
0.932542443 -0.005414394 -0.361019731 -2.859093428 0.001827364 0.999945581 -0.010276457 0.329948694 0.361055702 0.008923518 0.932501554 5.254297256
0.932542443 -0.005414394 -0.361019731 -2.859093428 0.001827364 0.999945581 -0.010276457 0.329948694 0.361055702 0.008923518 0.932501554 5.254297256
0.932542443 -0.005414394 -0.361019731 -2.859093428 0.001827364 0.999945581 -0.010276457 0.329948694 0.361055702 0.008923518 0.932501554 5.254297256
0.932542443 -0.005414394 -0.361019731 -2.859093428 0.001827364 0.999945581 -0.010276457 0.329948694 0.361055702 0.008923518 0.932501554 5.254297256
0.932542443 -0.005414394 -0.361019731 -2.859093428 0.001827364 0.999945581 -0.010276457 0.329948694 0.361055702 0.008923518 0.932501554 5.254297256
0.932542443 -0.005414394 -0.361019731 -2.859093428 0.001827364 0.999945581 -0.010276457 0.329948694 0.361055702 0.008923518 0.932501554 5.254297256
0.932542443 -0.005414394 -0.361019731 -2.859093428 0.001827364 0.999945581 -0.010276457 0.329948694 0.361055702 0.008923518 0.932501554 5.254297256
0.932542443 -0.005414394 -0.361019731 -2.859093428 0.001827364 0.999945581 -0.010276457 0.329948694 0.361055702 0.008923518 0.932501554 5.254297256
0.932542443 -0.005414394 -0.361019731 -2.859093428 0.001827364 0.999945581 -0.010276457 0.329948694 0.361055702 0.008923518 0.932501554 5.254297256
0.932542443 -0.005414394 -0.361019731 -2.859093428 0.001827364 0.999945581 -0.010276457 0.329948694 0.361055702 0.008923518 0.932501554 5.254297256
0.932542443 -0.005414394 -0.361019731 -2.859093428 0.001827364 0.999945581 -0.010276457 0.329948694 0.361055702 0.008923518 0.932501554 5.254297256
0.932542443 -0.005414394 -0.361019731 -2.859093428 0.001827364 0.999945581 -0.010276457 0.329948694 0.361055702 0.008923518 0.932501554 5.254297256
0.932542443 -0.005414394 -0.361019731 -2.859093428 0.001827364 0.999945581 -0.010276457 0.329948694 0.361055702 0.008923518 0.932501554 5.254297256
0.932542443 -0.005414394 -0.361019731 -2.859093428 0.001827364 0.999945581 -0.010276457 0.329948694 0.361055702 0.008923518 0.932501554 5.254297256
0.932542443 -0.005414394 -0.361019731 -2.859093428 0.001827364 0.999945581 -0.010276457 0.329948694 0.361055702 0.008923518 0.932501554 5.254297256
0.932542443 -0.005414394 -0.361019731 -2.859093428 0.001827364 0.999945581 -0.010276457 0.329948694 0.361055702 0.008923518 0.932501554 5.254297256
0.932542443 -0.005414394 -0.361019731 -2.859093428 0.001827364 0.999945581 -0.010276457 0.329948694 0.361055702 0.008923518 0.932501554 5.254297256
0.932542443 -0.005414394 -0.361019731 -2.859093428 0.001827364 0.999945581 -0.010276457 0.329948694 0.361055702 0.008923518 0.932501554 5.254297256
0.932542443 -0.005414394 -0.361019731 -2.859093428 0.001827364 0.999945581 -0.010276457 0.329948694 0.361055702 0.008923518 0.932501554 5.254297256
0.932542443 -0.005414394 -0.361019731 -2.859093428 0.001827364 0.999945581 -0.010276457 0.329948694 0.361055702 0.008923518 0.932501554 5.254297256
0.932542443 -0.005414394 -0.361019731 -2.859093428 0.001827364 0.999945581 -0.010276457 0.329948694 0.361055702 0.008923518 0.932501554 5.254297256
0.932542443 -0.005414394 -0.361019731 -2.859093428 0.001827364 0.999945581 -0.010276457 0.329948694 0.361055702 0.008923518 0.932501554 5.254297256
0.932542443 -0.005414394 -0.361019731 -2.859093428 0.001827364 0.999945581 -0.010276457 0.329948694 0.361055702 0.008923518 0.932501554 5.254297256
0.932542443 -0.005414394 -0.361019731 -2.859093428 0.001827364 0.999945581 -0.010276457 0.329948694 0.361055702 0.008923518 0.932501554 5.254297256
0.932542443 -0.005414394 -0.361019731 -2.859093428 0.001827364 0.999945581 -0.010276457 0.329948694 0.361055702 0.008923518 0.932501554 5.254297256
0.932542443 -0.005414394 -0.361019731 -2.859093428 0.001827364 0.999945581 -0.010276457 0.329948694 0.361055702 0.008923518 0.932501554 5.254297256
0.932542443 -0.005414394 -0.361019731 -2.859093428 0.001827364 0.999945581 -0.010276457 0.329948694 0.361055702 0.008923518 0.932501554 5.254297256
0.932542443 -0.005414394 -0.361019731 -2.859093428 0.001827364 0.999945581 -0.010276457 0.329948694 0.361055702 0.008923518 0.932501554 5.254297256
0.932542443 -0.005414394 -0.361019731 -2.859093428 0.001827364 0.999945581 -0.010276457 0.329948694 0.361055702 0.008923518 0.932501554 5.254297256
