1.000000000 0.000000000 0.000000000 0.000000000 0.000000000 1.000000000 0.000000000 0.000000000 0.000000000 0.000000000 1.000000000 0.000000000
0.998097062 -0.009215952 -0.060969535 0.001462419 0.006792805 0.999183238 -0.039832141 0.136619732 0.061286833 0.039342191 0.997344553 0.539256752
0.993452907 -0.000407752 -0.114241175 0.111427911 -0.006622303 0.998106599 -0.061150692 0.393735111 0.114049800 0.061506875 0.991569221 0.959547937
0.988971293 0.031705443 -0.144673839 -0.019880146 -0.037242904 0.998667300 -0.035728425 0.235136434 0.143348247 0.040722463 0.988834143 1.190484762
0.983545959 0.079509281 -0.162220955 -0.452119827 -0.085310750 0.995929182 -0.029104935 -0.413666725 0.159246475 0.042465232 0.986325145 1.612245679
0.970622003 0.117439464 -0.210002199 -0.513356149 -0.126983166 0.991372049 -0.032506540 -0.633221567 0.204372764 0.058218319 0.977160394 1.933116436
0.953410327 0.111207314 -0.280431032 -0.656801164 -0.114891633 0.993372500 0.003321420 -0.687932014 0.278941780 0.029052500 0.959868431 2.531635761
0.935448766 0.094425723 -0.340616196 -0.720322371 -0.104339316 0.994482458 -0.010860790 -0.581849158 0.337711334 0.045699373 0.940139711 2.911613464
0.906625211 0.103330225 -0.409088731 -0.792814493 -0.108478345 0.994041562 0.010670900 -0.503033102 0.407753825 0.034702756 0.912432194 3.278929949
0.874103785 0.080972321 -0.478942662 -0.941214800 -0.071156032 0.996716321 0.038644888 -0.478460133 0.480499119 0.000300009 0.876995206 3.746640682
0.842487812 0.069566257 -0.534204781 -1.115818501 -0.077432260 0.996967793 0.007711622 -0.392503470 0.533121467 0.034867737 0.845319808 4.211596489
0.803094685 0.050473154 -0.593709826 -0.945986867 -0.074805744 0.997062802 -0.016424155 -0.289185613 0.591137052 0.057603054 0.804511547 4.966600418
0.774396479 0.059302200 -0.629915237 -1.135455966 -0.070572563 0.997481108 0.007146476 -0.284185588 0.628752351 0.038920537 0.776630938 5.272706032
0.730055571 0.035292640 -0.682475924 -1.311811447 -0.046188168 0.998930335 0.002249114 -0.235921040 0.681825280 0.029880339 0.730904460 5.583091736
0.638117909 0.023161907 -0.769590139 -1.736089706 -0.041951377 0.999108672 -0.004715068 -0.110557437 0.768794894 0.035294142 0.638520718 6.067436218
0.580221057 0.042993166 -0.813323379 -1.968379736 -0.020030579 0.999057055 0.038521521 -0.100874871 0.814212680 -0.006059656 0.580535114 6.295271873
0.534369648 0.029614909 -0.844731927 -2.243935347 -0.028624378 0.999446809 0.016931444 -0.058943503 0.844766080 0.015132279 0.534921765 6.489557266
0.486334115 0.001570183 -0.873771489 -2.611350060 -0.031140134 0.999394417 -0.015536416 0.052360557 0.873217821 0.034765247 0.486088425 6.736290455
0.440259814 0.017793907 -0.897694051 -2.985354424 -0.014491492 0.999814212 0.012710986 0.071981713 0.897753477 0.007412789 0.440435946 6.944198608
0.401304811 0.001574815 -0.915943205 -3.252592802 0.008439058 0.999949634 0.005416678 0.106181026 0.915905654 -0.009903437 0.401271313 7.078439713
0.342380375 -0.023242323 -0.939273894 -3.533185482 0.011821119 0.999721408 -0.020429112 0.182195157 0.939487040 -0.004108742 0.342559755 7.200971603
0.243424162 -0.014185980 -0.969816208 -3.808820486 0.030933682 0.999497950 -0.006855787 0.197273269 0.969426513 -0.028331121 0.243740767 7.317987442
0.160026968 -0.000506487 -0.987112582 -4.218860149 0.043345150 0.999038994 0.006514348 0.205134377 0.986160517 -0.043829013 0.159895122 7.418432236
0.106217153 -0.021671008 -0.994106770 -4.613171101 0.032650024 0.999299288 -0.018295655 0.279790789 0.993806779 -0.030514296 0.106850296 7.417989731
0.085398041 -0.022892093 -0.996083915 -4.952297688 0.043146811 0.998883069 -0.019257288 0.353773385 0.995412230 -0.041333310 0.086290382 7.385648251
0.054493777 -0.012343525 -0.998437822 -5.292513847 0.048965607 0.998753607 -0.009674936 0.373995125 0.997312725 -0.048361886 0.055030257 7.383650780
-0.007437614 -0.039497558 -0.999191940 -5.661008835 0.045002569 0.998193920 -0.039793089 0.438710839 0.998959184 -0.045262158 -0.005646690 7.375876904
-0.092267185 -0.077403106 -0.992721379 -5.983931065 0.049558751 0.995381474 -0.082216702 0.498524547 0.994500220 -0.056783929 -0.088005058 7.340044975
-0.185366079 -0.107528158 -0.976768732 -6.997097969 0.052958194 0.991457462 -0.119195327 0.699521303 0.981241465 -0.073822677 -0.178088054 6.790277004
-0.247483850 -0.122046486 -0.961174488 -7.318241119 0.046443768 0.989399970 -0.137588799 0.678152442 0.967778206 -0.078691587 -0.239192188 6.738770962
-0.273831576 -0.128407568 -0.953167200 -7.791385651 0.057117615 0.987127006 -0.149391577 0.675292015 0.960080147 -0.095350772 -0.262972265 6.610721111
-0.289731503 -0.128288969 -0.948471129 -8.584360123 0.055795860 0.987026930 -0.150548041 0.777441442 0.955480158 -0.096539289 -0.278814793 6.432178497
-0.294936121 -0.149313644 -0.943778694 -8.930332184 0.067052461 0.982046068 -0.176322177 0.782789111 0.953161359 -0.115286455 -0.279629022 6.353340626
-0.309361428 -0.159577593 -0.937459648 -9.276399612 0.068545684 0.979513049 -0.189356148 0.795688391 0.948470831 -0.122838318 -0.292085201 6.294883728
-0.345341951 -0.143156409 -0.927494049 -9.756275177 0.070491321 0.981548429 -0.177746221 0.800416231 0.935825706 -0.126763523 -0.328878611 6.181190491
-0.366752476 -0.142135337 -0.919396639 -10.203331947 0.065606445 0.981848121 -0.177960888 0.769445181 0.928002357 -0.125585943 -0.350770295 6.048545837
-0.373325139 -0.155963674 -0.914496303 -10.715828896 0.084486350 0.975954413 -0.200934976 0.871989250 0.923845351 -0.152276546 -0.351171613 5.907926559
-0.361492664 -0.154378414 -0.919505417 -11.164613724 0.109000497 0.972437382 -0.206117555 0.886648774 0.925981581 -0.174736544 -0.334701687 5.743747234
-0.315667003 -0.125405014 -0.940546572 -11.601696968 0.110470012 0.979630351 -0.167692184 0.828176975 0.942417502 -0.156837091 -0.295383543 5.621425629
-0.320795655 -0.154915571 -0.934393466 -12.033328056 0.102993369 0.974977911 -0.197003767 0.840190530 0.941532016 -0.159434304 -0.296813339 5.436336517
-0.351553530 -0.182491526 -0.918208539 -12.387193680 0.108611576 0.966242313 -0.233622149 0.783585787 0.929845989 -0.181858763 -0.319865286 5.302447319
-0.386319369 -0.109707326 -0.915817499 -12.696334839 0.128399745 0.976837158 -0.171179861 0.721367240 0.913384318 -0.183720812 -0.363284737 5.152171135
-0.416054755 -0.134148926 -0.899390101 -13.110824585 0.132716268 0.969509900 -0.206001788 0.703515291 0.899602652 -0.205071703 -0.385565460 4.957490921
-0.380324960 -0.172073975 -0.908704281 -13.531819344 0.128683805 0.963136077 -0.236240059 0.680866480 0.915856659 -0.206783503 -0.344161540 4.768932343
-0.334167540 -0.134777561 -0.932827413 -13.856467247 0.135139987 0.972644925 -0.188941836 0.612720966 0.932775021 -0.189200491 -0.306812525 4.648272514
-0.279644251 -0.115012564 -0.953189969 -14.074350357 0.170859516 0.970990300 -0.167286649 0.414416552 0.944778323 -0.209642336 -0.251880825 4.555041313
-0.239196196 -0.125784740 -0.962789357 -14.509409904 0.188016444 0.966805935 -0.173020452 0.448857546 0.952593803 -0.222406074 -0.207606703 4.389758110
-0.188221425 -0.138580218 -0.972300470 -14.964513779 0.222989023 0.958110094 -0.179724693 0.409365416 0.956477165 -0.250640363 -0.149434984 4.241856098
-0.150992900 -0.154102385 -0.976449490 -15.610015869 0.230548233 0.955045462 -0.186375156 0.578394175 0.961274445 -0.253259987 -0.108677037 4.114794731
-0.119353190 -0.136591151 -0.983411252 -15.942026138 0.236576498 0.958049357 -0.161780939 0.542694569 0.964254260 -0.251961082 -0.082032010 3.993035078
-0.037713431 -0.123816654 -0.991588295 -16.397237778 0.220311865 0.966847658 -0.129106566 0.485187769 0.974700153 -0.223327696 -0.009184869 3.831848145
0.023533154 -0.115890592 -0.992983043 -16.705524445 0.242682666 0.964210987 -0.106781162 0.347378135 0.969820261 -0.238466933 0.050815567 3.741844416
0.028506257 -0.104308285 -0.994136393 -16.976472855 0.212276340 0.972487748 -0.095949918 0.212064862 0.976793766 -0.208296448 0.049864165 3.662374973
0.035400372 -0.138302326 -0.989757180 -17.289621353 0.218847960 0.967412472 -0.127352536 0.158817530 0.975116611 -0.212097988 0.064513944 3.590101719
0.054231022 -0.160593286 -0.985529721 -17.728603363 0.207317188 0.967285633 -0.146212325 0.121023417 0.976769447 -0.196387991 0.085750639 3.521728039
0.080947973 -0.161243066 -0.983589411 -18.084678650 0.132534906 0.979805946 -0.149715394 0.022558928 0.987867355 -0.118240774 0.100683630 3.481718540
0.101513922 -0.195226237 -0.975490451 -18.398275375 0.022204217 0.980756223 -0.193969429 -0.026379824 0.994586229 -0.001969404 0.103895269 3.441240072
0.114318229 -0.211010292 -0.970775962 -18.710094452 -0.019547086 0.976515293 -0.214559659 -0.051786900 0.993251860 0.043503929 0.107508861 3.412702084
0.089977503 -0.187743634 -0.978088260 -18.964643478 -0.078126602 0.977714717 -0.194859132 -0.149879217 0.992874742 0.093947642 0.073304564 3.480413437
0.038510364 -0.182910204 -0.982375026 -19.284811020 -0.060583342 0.980868459 -0.185004622 -0.156743050 0.997419953 0.066640146 0.026692292 3.538918257
-0.105428629 -0.237104326 -0.965746522 -19.572866440 0.013979174 0.970709622 -0.239848942 -0.213644028 0.994328618 -0.038787287 -0.099026054 3.224978924
-0.291568458 -0.209406540 -0.933346987 -19.811569214 0.078294255 0.967244625 -0.241470158 -0.301119328 0.953340352 -0.143480778 -0.265622705 2.919237614
-0.483671010 -0.162571073 -0.860019207 -19.589342117 0.082582712 0.969738364 -0.229755625 -0.284508467 0.871345103 -0.182148859 -0.455608785 2.642820358
-0.543815136 -0.122992516 -0.830143332 -19.750301361 0.108116731 0.970690370 -0.214641452 -0.326677799 0.832211435 -0.206477657 -0.514578581 2.607728958
-0.507708192 -0.071235619 -0.858578861 -20.092384338 0.154023319 0.973015010 -0.171809763 -0.436628819 0.847649097 -0.219470471 -0.483035803 2.403603554
-0.460179269 -0.078299932 -0.884366512 -20.319049835 0.151906818 0.974470496 -0.165322110 -0.494233131 0.874733865 -0.210419118 -0.436536908 2.203763008
-0.433586091 -0.115647055 -0.893660247 -20.668165207 0.144999042 0.969853103 -0.195857659 -0.545644999 0.889369667 -0.214501083 -0.403746098 1.988456249
-0.424194515 -0.091521449 -0.900934398 -21.042379379 0.151611343 0.973660111 -0.170293748 -0.596022844 0.892789423 -0.208829522 -0.399145633 1.991473675
-0.386304855 -0.094057135 -0.917562962 -21.322925568 0.147457436 0.975694954 -0.162097424 -0.647004128 0.910507977 -0.197920471 -0.363046288 1.865513802
-0.330444753 -0.123757228 -0.935676575 -21.715019226 0.134541243 0.975065529 -0.176481783 -0.687521219 0.934186757 -0.184204549 -0.305554837 1.760026455
-0.218678862 -0.132682219 -0.966734171 -21.383007050 0.128699467 0.978136063 -0.163359404 -1.015817642 0.967272460 -0.160141394 -0.196821511 1.387711525
-0.159408227 -0.117440879 -0.980202377 -21.722221375 0.135308176 0.980929315 -0.139532834 -1.087064743 0.977895975 -0.154872090 -0.140477493 1.323330402
-0.118525639 -0.108212516 -0.987036824 -21.956192017 0.163721025 0.978308618 -0.126915649 -1.172657490 0.979360580 -0.176641434 -0.098238006 1.339572191
-0.119452067 -0.081459247 -0.989492536 -22.316917419 0.164273873 0.981270075 -0.100613564 -1.211036801 0.979155421 -0.174566299 -0.103833109 1.284081697
-0.107738174 -0.027115220 -0.993809462 -22.821458817 0.210755765 0.976285398 -0.049484972 -1.184608221 0.971583486 -0.214782447 -0.099468507 1.207212925
-0.115343519 -0.048894167 -0.992121518 -23.163602829 0.208739683 0.975292683 -0.072332755 -1.211181641 0.971145511 -0.215438262 -0.102287509 1.150738955
-0.112200789 -0.082153305 -0.990283847 -23.505203247 0.196224228 0.975120783 -0.103127956 -1.237476349 0.974118590 -0.205888674 -0.093288854 1.068377972
-0.089672454 -0.110406548 -0.989832997 -23.891304016 0.166479275 0.978192985 -0.124190152 -1.257531166 0.981959045 -0.175923124 -0.069336571 0.956392646
-0.059207465 -0.093353651 -0.993870974 -24.197362900 0.163804740 0.981213331 -0.101923004 -1.349421740 0.984714389 -0.168835372 -0.042803384 0.903024554
-0.048641354 -0.096643493 -0.994129717 -24.622720718 0.153562292 0.982750773 -0.103050873 -1.354390383 0.986941040 -0.157673389 -0.032961529 0.830341101
-0.061678644 -0.100941837 -0.992978692 -25.067483902 0.172926202 0.978746295 -0.110236332 -1.324962497 0.983001649 -0.178511232 -0.042912256 0.768844128
-0.073808216 -0.083885424 -0.993738115 -25.479236603 0.201597601 0.974628985 -0.097245656 -1.358474493 0.976683497 -0.207512781 -0.055024523 0.733053923
-0.092272982 -0.089269206 -0.991724133 -26.267980576 0.158557653 0.981947541 -0.103141874 -1.378146648 0.983028591 -0.166762620 -0.076452911 0.611194491
-0.095334582 -0.075903587 -0.992547154 -26.866785049 0.117656954 0.989240170 -0.086951695 -1.608300447 0.988467574 -0.125069603 -0.085378207 0.523586035
-0.095554411 -0.075894892 -0.992526770 -26.868196487 0.117709778 0.989231884 -0.086975336 -1.607023239 0.988440096 -0.125140995 -0.085591905 0.525892973
-0.095282815 -0.055514134 -0.993901134 -27.193489075 0.125082791 0.989862442 -0.067279935 -1.664441824 0.987560332 -0.130730540 -0.087373018 0.502270460
-0.086146824 -0.074026510 -0.993528426 -27.559480667 0.123024039 0.988813162 -0.084342338 -1.633578300 0.988657534 -0.129493684 -0.076076090 0.392513514
-0.101949826 -0.075689316 -0.991905868 -27.925516129 0.141952425 0.985790610 -0.089812778 -1.610040784 0.984609425 -0.149959847 -0.089756891 0.345369101
-0.108089820 -0.057866760 -0.992455661 -28.272882462 0.148334682 0.986190379 -0.073656820 -1.638017416 0.983012438 -0.155177131 -0.098013498 0.286936283
-0.126674205 -0.058146667 -0.990238607 -28.739507675 0.140946969 0.987096429 -0.075992480 -1.673518419 0.981879652 -0.149197444 -0.116844043 0.207428694
-0.119007178 -0.060794905 -0.991030395 -29.186985016 0.131667033 0.988342345 -0.076441146 -1.645392656 0.984124541 -0.139583081 -0.109615140 0.100356579
-0.100508779 -0.064641729 -0.992834032 -29.491315842 0.117283151 0.990160108 -0.076340698 -1.679289818 0.987999260 -0.124115624 -0.091938391 0.036035776
-0.083950534 -0.057645559 -0.994801104 -29.895172119 0.128351450 0.989383519 -0.068163097 -1.732897043 0.988169134 -0.133406520 -0.075660385 -0.044081688
-0.089262605 -0.063172184 -0.994002759 -30.210811615 0.122330286 0.989735365 -0.073886380 -1.709676027 0.988467216 -0.128191933 -0.080618486 -0.109356403
-0.118787788 -0.079962783 -0.989694715 -30.641006470 0.142711639 0.985027671 -0.096714661 -1.716713905 0.982610226 -0.152729452 -0.105597660 -0.166042805
-0.131294429 -0.059037976 -0.989583850 -30.937568665 0.151019067 0.985383153 -0.078824028 -1.789571285 0.979772925 -0.159795225 -0.120459452 -0.221796989
-0.144603491 -0.070103697 -0.987003207 -31.299724579 0.138304248 0.986263335 -0.090313777 -1.774687648 0.979776382 -0.149566397 -0.132921487 -0.277153015
-0.137998194 -0.073964603 -0.987666726 -32.191242218 0.132367939 0.986884415 -0.092400640 -1.693343520 0.981547356 -0.143486544 -0.126397714 -0.167542458
-0.139626086 -0.065318279 -0.988047659 -32.644058228 0.127399132 0.988343835 -0.083341308 -1.714326262 0.981974542 -0.137513012 -0.129677117 -0.262401581
-0.138760164 -0.065279201 -0.988172114 -32.641986847 0.127109602 0.988397896 -0.083142981 -1.716451406 0.982134759 -0.137143105 -0.128852665 -0.271855354
-0.150300309 -0.065056294 -0.986497521 -32.703319550 0.140011311 0.986374855 -0.086379960 -1.835930943 0.978675961 -0.151103750 -0.139143810 -0.486146450
-0.166211620 -0.058400858 -0.984359086 -33.069938660 0.142207786 0.986389995 -0.082533486 -1.877294302 0.975782037 -0.153701574 -0.155644432 -0.542807102
-0.170116261 -0.058038872 -0.983713329 -33.429351807 0.131434113 0.988008380 -0.081021518 -1.920278788 0.976619482 -0.143076524 -0.160447970 -0.590191364
-0.170970514 -0.067495584 -0.982961595 -33.922008514 0.115751177 0.989366233 -0.088068441 -1.886366606 0.978453279 -0.128836080 -0.161339745 -0.683234692
-0.138248160 -0.081147261 -0.987067640 -34.327640533 0.112956032 0.988842666 -0.097113729 -1.960261583 0.983935297 -0.124921024 -0.127539590 -0.773806334
-0.117559798 -0.095497318 -0.988463461 -34.889472961 0.104729593 0.988622546 -0.107968375 -1.968336225 0.987527907 -0.116214097 -0.106220871 -0.840898752
-0.115448892 -0.114061520 -0.986742914 -35.251995087 0.102631614 0.986698747 -0.126064330 -1.945113182 0.987997174 -0.115824990 -0.102206968 -0.913502455
-0.132470101 -0.114981085 -0.984495282 -35.627719879 0.126619384 0.983148098 -0.131861165 -1.942874670 0.983066201 -0.142123848 -0.115678847 -1.003988981
-0.126218289 -0.094031163 -0.987535834 -36.011775970 0.136753634 0.984343290 -0.111205839 -1.991879225 0.982531130 -0.149085328 -0.111383036 -1.087262392
-0.134783089 -0.099273361 -0.985889554 -36.441486359 0.119643860 0.986058295 -0.115647130 -2.035362482 0.983625352 -0.133542940 -0.121026531 -1.157523632
-0.113069825 -0.120680831 -0.986230791 -36.894035339 0.111748025 0.984753966 -0.133311853 -2.045439005 0.987282932 -0.125282899 -0.097860113 -1.257860661
-0.081065379 -0.135217145 -0.987494171 -37.353420258 0.102423176 0.984379828 -0.143198818 -2.153899908 0.991432250 -0.112750754 -0.065949753 -1.336782694
-0.063256294 -0.143367261 -0.987645924 -37.788490295 0.111106016 0.982464254 -0.149731189 -2.188124180 0.991793394 -0.119204842 -0.046218079 -1.398812413
-0.071113154 -0.150679424 -0.986021578 -38.138835907 0.124329120 0.979476273 -0.158645973 -2.171368837 0.989689469 -0.133873016 -0.050919805 -1.453722000
-0.091157570 -0.153311983 -0.983964264 -38.502506256 0.135014281 0.977052093 -0.164743155 -2.196755409 0.986641586 -0.147866830 -0.068366386 -1.490613937
-0.109881088 -0.135489479 -0.984666765 -38.932155609 0.121661521 0.981382847 -0.148614064 -2.277034521 0.986470819 -0.136125967 -0.091351554 -1.535083771
-0.114647850 -0.143061072 -0.983051062 -39.409599304 0.091496453 0.983849168 -0.153847948 -2.460989237 0.989183664 -0.107584037 -0.099706627 -1.627361298
-0.086658657 -0.149234518 -0.984997094 -39.765743256 0.082868218 0.984210372 -0.156405941 -2.423773050 0.992785573 -0.095178910 -0.072923556 -1.706445694
-0.074585855 -0.148780853 -0.986053407 -40.105037689 0.090412199 0.983726263 -0.155268565 -2.412237406 0.993107557 -0.100732088 -0.059920475 -1.780625343
-0.067085132 -0.160114348 -0.984816194 -40.522735596 0.095559649 0.981471241 -0.166079983 -2.389089584 0.993160605 -0.105250210 -0.050541662 -1.808082223
-0.065449975 -0.158288836 -0.985221148 -41.001960754 0.123627476 0.978445113 -0.165412933 -2.320096493 0.990167975 -0.132626697 -0.044470355 -1.834810495
-0.060712129 -0.141130164 -0.988127589 -41.243770599 0.133669987 0.979887366 -0.148166105 -2.362261772 0.989164591 -0.141078502 -0.040626172 -1.865898132
-0.070582688 -0.110509492 -0.991365612 -41.556983948 0.130734369 0.984246850 -0.119023889 -2.454188824 0.988901734 -0.138006583 -0.055023402 -1.929665089
-0.100143500 -0.094851047 -0.990441620 -42.064563751 0.140645176 0.984100819 -0.108464442 -2.527030468 0.984982252 -0.150162861 -0.085210964 -1.960094333
-0.072924949 -0.127431661 -0.989162862 -42.099803925 0.135395810 0.981356561 -0.136407927 -2.523573637 0.988104224 -0.143876061 -0.054311667 -1.962288380
-0.073295325 -0.145445347 -0.986647546 -42.512954712 0.167392448 0.973479688 -0.155939326 -2.323136806 0.983162045 -0.176586986 -0.047005057 -1.950274467
-0.073037036 -0.185022026 -0.980016530 -42.858566284 0.164656073 0.966919482 -0.194820583 -2.355993748 0.983643234 -0.175594792 -0.040155932 -1.997275591
-0.086515576 -0.216256350 -0.972495794 -43.418010712 0.166824490 0.959228098 -0.228147060 -2.146931648 0.982183635 -0.181974411 -0.046911322 -2.085780621
-0.093595698 -0.195711389 -0.976184845 -43.799175262 0.169556051 0.963032246 -0.209331349 -2.113632202 0.981065989 -0.185110584 -0.056951631 -2.083620548
-0.096817642 -0.203360870 -0.974305212 -44.136230469 0.160504445 0.962901652 -0.216930151 -2.171278000 0.982275248 -0.177382961 -0.060585551 -2.136244297
-0.092485234 -0.224208668 -0.970142722 -44.637718201 0.155143544 0.959174275 -0.236463845 -2.257122993 0.983553231 -0.172380790 -0.053924933 -2.194537878
-0.054143313 -0.215086013 -0.975093007 -44.803806305 0.175524279 0.959270000 -0.221341968 -2.327674866 0.982985139 -0.183136702 -0.014185240 -2.286515236
-0.026188262 -0.206776291 -0.978037715 -45.164886475 0.207286045 0.955985367 -0.207664356 -2.420664310 0.977929711 -0.208171949 0.017826248 -2.319984674
0.001292856 -0.223372146 -0.974732399 -45.544307709 0.210092023 0.953039348 -0.218122259 -2.519702911 0.977680743 -0.204501539 0.048160847 -2.464861155
0.001825675 -0.212644741 -0.977127850 -45.881488800 0.196846604 0.958087623 -0.208133399 -2.643619537 0.980432510 -0.191964343 0.043607563 -2.495823145
-0.008168833 -0.187231094 -0.982281923 -46.369701385 0.193514347 0.963449121 -0.185250700 -2.737230301 0.981063426 -0.191598952 0.028361643 -2.554322720
-0.014288264 -0.174951673 -0.984473467 -46.526111603 0.179948986 0.968048334 -0.174644515 -2.923788071 0.983572125 -0.179650337 0.017650647 -2.591538429
-0.006179370 -0.178133518 -0.983986855 -46.895782471 0.178836972 0.967944741 -0.176352456 -2.943889618 0.983859301 -0.177062973 0.025875567 -2.672704697
0.017176865 -0.171378478 -0.985055625 -47.188262939 0.166933984 0.971864045 -0.166172549 -2.998501778 0.985818446 -0.161584914 0.045302469 -2.704699039
0.008875344 -0.173575655 -0.984780550 -47.358398438 0.171062693 0.970565617 -0.169528455 -3.031722069 0.985220194 -0.166954592 0.038306423 -2.712599754
-0.005815988 -0.183687821 -0.982967377 -47.800327301 0.181497559 0.966463566 -0.181677639 -3.044359207 0.983374178 -0.179462820 0.027717948 -2.814182520
-0.008319322 -0.171123743 -0.985214412 -48.168079376 0.205739573 0.963876486 -0.169154823 -3.114809990 0.978571415 -0.204104841 0.027188120 -2.867254734
-0.024246577 -0.165549219 -0.985903442 -48.622692108 0.188483745 0.967749596 -0.167136326 -3.191519737 0.981776893 -0.189879298 0.007738723 -2.958949089
-0.033379965 -0.178628206 -0.983350277 -49.001724243 0.169581681 0.968619525 -0.181708798 -3.203472137 0.984950662 -0.172823638 -0.002040419 -3.045486450
-0.037069403 -0.191858128 -0.980722368 -49.094738007 0.160864517 0.967452288 -0.195342481 -3.203371525 0.986280084 -0.165004686 -0.004999716 -2.836440086
-0.029433655 -0.153371826 -0.987730026 -49.555274963 0.185060143 0.970238924 -0.156170487 -3.247222900 0.982286334 -0.187386110 -0.000174675 -2.892863750
-0.032561418 -0.187004685 -0.981819212 -49.785095215 0.207737431 0.959620714 -0.189666077 -2.988866806 0.977642536 -0.210136428 0.007601267 -3.094953299
-0.054978229 -0.186704680 -0.980876505 -50.155284882 0.210064277 0.958213389 -0.194165006 -2.991311073 0.976140559 -0.216721982 -0.013460897 -3.176865816
-0.074196361 -0.150372878 -0.985841215 -50.660087585 0.220389292 0.961650431 -0.163269922 -3.106154442 0.972585976 -0.229382858 -0.038210396 -3.268939495
-0.088354416 -0.131575391 -0.987360835 -50.888916016 0.239304930 0.959402621 -0.149264008 -3.140786648 0.966916025 -0.249468476 -0.053280812 -3.444687843
-0.083616145 -0.117286310 -0.989571691 -51.293869019 0.293650329 0.946053207 -0.136941031 -3.440968037 0.952248812 -0.302038550 -0.044664171 -3.563862085
-0.066545695 -0.106162645 -0.992119551 -51.660160065 0.294326842 0.947990775 -0.121182375 -3.508910179 0.953385234 -0.300071567 -0.031838194 -3.628835917
-0.070505366 -0.099157907 -0.992570817 -52.003002167 0.298765481 0.947268188 -0.115854397 -3.537816048 0.951718509 -0.304714203 -0.037162539 -3.700302601
-0.085906506 -0.120005473 -0.989049375 -52.504825592 0.298378974 0.944055200 -0.140462622 -3.527885199 0.950573564 -0.307178199 -0.045293372 -3.812215805
-0.112605080 -0.126330912 -0.985576272 -53.013992310 0.324718624 0.932746232 -0.156659305 -3.586118221 0.939083517 -0.337675571 -0.064009979 -3.892048359
-0.128142595 -0.110069498 -0.985628843 -53.371517181 0.310991347 0.939236999 -0.145321041 -3.619394302 0.941734493 -0.325143844 -0.086125635 -3.969842672
-0.148435146 -0.133099750 -0.979924202 -53.866886139 0.274826527 0.946316242 -0.170164526 -3.610349178 0.949967027 -0.294567525 -0.103887260 -4.105334282
-0.130810380 -0.130955398 -0.982720375 -54.260543823 0.292709768 0.941947818 -0.164484873 -3.638588428 0.947211504 -0.309168249 -0.084884651 -4.192337990
-0.103115447 -0.100640483 -0.989564896 -54.737987518 0.295622855 0.946812212 -0.127097204 -3.727346659 0.949723303 -0.305643737 -0.067879319 -4.271940231
-0.073066257 -0.065497324 -0.995173991 -54.780265808 0.280544013 0.956199646 -0.083529934 -4.015895844 0.957056105 -0.285293370 -0.051491041 -4.283003330
-0.066961780 -0.051033914 -0.996449530 -55.036026001 0.291601002 0.954087019 -0.068459980 -4.031003952 0.954193354 -0.295149893 -0.049005829 -4.354372501
-0.066092543 -0.026392370 -0.997464418 -55.538139343 0.289569318 0.956122696 -0.044485521 -4.028384686 0.954872370 -0.291775286 -0.055550162 -4.470804214
-0.083018713 -0.060409516 -0.994715333 -56.045440674 0.276114255 0.957688153 -0.081205264 -4.011544228 0.957532585 -0.281396687 -0.062826119 -4.604420662
-0.081043333 -0.068985827 -0.994320333 -56.406951904 0.257246882 0.962354839 -0.087735280 -3.982539654 0.962941349 -0.262896210 -0.060246047 -4.714460373
-0.078623667 -0.049873237 -0.995656013 -56.786376953 0.248255670 0.966304421 -0.068006910 -4.022097111 0.965498686 -0.252524197 -0.063593052 -4.800332069
-0.073204942 -0.056197695 -0.995732248 -57.249092102 0.265759170 0.961211443 -0.073787652 -4.061342239 0.961256027 -0.270026624 -0.055430356 -4.903692245
-0.075869389 -0.074095629 -0.994360924 -57.754459381 0.282001913 0.954927504 -0.092673860 -3.991869450 0.956409335 -0.287442714 -0.051554661 -5.003148079
-0.078018159 -0.059470724 -0.995176554 -58.157299042 0.293077886 0.952743173 -0.079911165 -3.993742943 0.952900052 -0.297898710 -0.056901719 -5.072513103
-0.089219108 -0.042792678 -0.995092273 -58.659633636 0.289490938 0.954831779 -0.067016840 -4.030245304 0.953013599 -0.294049382 -0.072801158 -5.159265518
-0.097057939 -0.049680125 -0.994038045 -59.041748047 0.286696792 0.955024004 -0.075723372 -3.995849133 0.953092158 -0.292337000 -0.078449532 -5.246749401
-0.040488366 -0.027955784 -0.998788834 -59.558277130 0.282307059 0.958560228 -0.038273815 -3.992950678 0.958469331 -0.283514768 -0.030918425 -5.353010654
-0.006844423 0.001017579 -0.999976039 -59.925823212 0.290728480 0.956805050 -0.001016269 -4.024744511 0.956781030 -0.290728509 -0.006844618 -5.417388916
0.028039774 0.033188451 -0.999055624 -59.970188141 0.293613821 0.955088198 0.039968502 -4.328981400 0.955512762 -0.294457287 0.017035868 -5.658162117
0.052278645 0.040873509 -0.997795701 -60.310546875 0.295411736 0.953811407 0.054549590 -4.555404663 0.953938603 -0.297612369 0.037789453 -5.831263542
0.066269480 0.024583118 -0.997498810 -60.588771820 0.316298544 0.947621644 0.044367399 -4.535232544 0.946342230 -0.318447649 0.055022780 -5.940281391
0.041140534 0.024755495 -0.998846650 -60.963657379 0.319391608 0.946914852 0.036623530 -4.488766193 0.946729302 -0.320529968 0.031049896 -5.934395313
0.029579327 0.013533176 -0.999470770 -61.086154938 0.308049679 0.951115966 0.021995159 -4.476914406 0.950910330 -0.308537245 0.023964474 -5.945226669
0.046254855 0.008071018 -0.998897076 -61.170154572 0.296834707 0.954687715 0.021459015 -4.483369827 0.953807950 -0.297499895 0.041763183 -5.951679230
0.045847878 0.012044297 -0.998875797 -61.308532715 0.302491844 0.952814162 0.025373111 -4.498253822 0.952048659 -0.303315043 0.040041205 -5.931861877
0.043451779 0.011703532 -0.998986900 -61.308334351 0.303179055 0.952622473 0.024347382 -4.488285542 0.951942444 -0.303929865 0.037844870 -5.906942368
0.039775465 0.023131618 -0.998940885 -61.544063568 0.324832320 0.945130467 0.034819633 -4.493585587 0.944934845 -0.325873256 0.030079104 -5.896440506
0.020919191 0.043122686 -0.998850822 -61.943870544 0.312517792 0.948723376 0.047503714 -4.505053520 0.949681580 -0.313152403 0.006369924 -5.965726852
0.003155739 0.033091825 -0.999447346 -62.111400604 0.305398494 0.951670706 0.032474231 -4.442909241 0.952219427 -0.305332184 -0.007102975 -6.037313938
0.021372683 0.030646034 -0.999301910 -62.555549622 0.307186395 0.950978220 0.035734065 -4.364339352 0.951409340 -0.307735652 0.010910912 -6.169226646
0.032979995 0.036221135 -0.998799384 -62.876232147 0.307191759 0.950601161 0.044616602 -4.335088253 0.951075971 -0.308294356 0.020223984 -6.233140945
0.044611689 0.022905761 -0.998741746 -63.153099060 0.316376925 0.947955072 0.035872880 -4.271709442 0.947584033 -0.317579120 0.035043031 -6.363926888
0.044400685 0.005247273 -0.999000013 -63.530101776 0.318411261 0.947759628 0.019129962 -4.194343567 0.946912289 -0.318942219 0.040410385 -6.434016228
0.039469179 0.020294771 -0.999014676 -64.014961243 0.356646061 0.933654487 0.033057407 -4.214897633 0.933405459 -0.357599378 0.029612528 -6.510326862
0.020166021 0.018726062 -0.999621272 -64.360359192 0.338644654 0.940596581 0.024452046 -4.195672989 0.940698206 -0.339009494 0.012626609 -6.587571621
0.015031368 0.008954232 -0.999846935 -64.829971313 0.325802088 0.945343494 0.013364123 -4.106100082 0.945318520 -0.325953066 0.011292499 -6.718789577
0.029204011 0.038050737 -0.998848915 -65.194740295 0.319396049 0.946533322 0.045396190 -4.099758625 0.947171211 -0.320354104 0.015489310 -6.787325859
0.055499557 0.049850103 -0.997213423 -65.640708923 0.325960189 0.943126440 0.065287523 -4.086805344 0.943753004 -0.328675330 0.036093954 -6.846860409
0.065653451 0.030584458 -0.997373581 -66.112915039 0.312973976 0.948461115 0.049686488 -3.966706276 0.947489798 -0.315414101 0.052697595 -6.922212601
0.056199599 0.011840324 -0.998349369 -66.479583740 0.317936361 0.947664380 0.029136634 -3.936986446 0.946444929 -0.319049031 0.049493879 -6.969332695
0.045881234 0.000440187 -0.998946786 -66.848739624 0.334920347 0.942113936 0.015797900 -3.749690056 0.941128731 -0.335292399 0.043077916 -7.138051033
0.026376378 -0.026657315 -0.999296606 -67.147453308 0.337371498 0.941232145 -0.016203480 -3.615706205 0.941002011 -0.336706787 0.033819713 -7.272027969
0.050153237 -0.004935644 -0.998729348 -67.472129822 0.338513404 0.940880537 0.012349386 -3.974401474 0.939624012 -0.338702619 0.048858978 -7.526938438
0.087474741 0.031763237 -0.995660126 -67.927673340 0.319148898 0.945914865 0.058215432 -3.988668919 0.943658948 -0.322856218 0.072606467 -7.579248428
0.106618412 0.078310408 -0.991211295 -67.762397766 0.279066145 0.954467237 0.105424851 -4.259530544 0.954334617 -0.287853748 0.079909988 -7.706819057
0.090627551 0.054118842 -0.994413316 -68.372093201 0.282628119 0.956070125 0.077789888 -4.098721981 0.954938769 -0.288099051 0.071350776 -7.814380169
0.071881011 0.031569257 -0.996913493 -68.620124817 0.273276627 0.960628688 0.050124452 -3.876358986 0.959245980 -0.276036114 0.060423825 -7.981935024
0.042134307 0.025920797 -0.998775661 -68.802101135 0.258308232 0.965393364 0.035951421 -3.895141363 0.965143204 -0.259506732 0.033980638 -8.008968353
0.021501543 0.012399049 -0.999691844 -69.149909973 0.249083772 0.968326211 0.017367363 -3.813353062 0.968243241 -0.249380499 0.017732102 -8.062456131
0.033586245 0.019318802 -0.999249041 -69.589828491 0.240897641 0.970178962 0.026853701 -3.810599804 0.969969213 -0.241618663 0.027930813 -8.145002365
0.053935956 0.047116097 -0.997432113 -69.945312500 0.244451910 0.967868567 0.058938283 -3.788548946 0.968160212 -0.247003093 0.040685300 -8.156780243
0.066791832 0.063446663 -0.995747626 -70.576698303 0.228851944 0.970396817 0.077182069 -3.544111729 0.971167147 -0.233033940 0.050294686 -8.104119301
0.059210479 0.052019622 -0.996889114 -70.773117065 0.222826168 0.972755432 0.063995071 -3.187327862 0.973058403 -0.225922212 0.046005983 -8.187928200
0.048904374 0.088939011 -0.994835794 -71.273635864 0.239305213 0.965973556 0.098122545 -3.146888256 0.969712019 -0.242867991 0.025956763 -8.260194778
0.054309189 0.122415289 -0.990991890 -71.350761414 0.259167433 0.956716597 0.132384419 -3.203827858 0.964304268 -0.264022529 0.020232439 -8.455874443
0.088986352 0.127042234 -0.987897635 -71.052757263 0.290535331 0.945388913 0.147746071 -3.306285858 0.952717483 -0.300166517 0.047216464 -8.691254616
0.128204077 0.155541092 -0.979474723 -71.534805298 0.277949542 0.942408919 0.186036035 -3.230563164 0.952001989 -0.296095103 0.077588126 -8.768527985
0.164198682 0.174302220 -0.970905542 -72.087295532 0.237412915 0.948348761 0.210403770 -3.212527275 0.957430899 -0.265053540 0.114336014 -8.951652527
0.170466617 0.164964557 -0.971456528 -72.468856812 0.233213827 0.951121151 0.202434629 -3.103745461 0.957367480 -0.261065423 0.123662405 -9.027290344
0.179202855 0.168500111 -0.969274998 -72.966056824 0.250146955 0.945040464 0.210535198 -2.882024765 0.951479316 -0.280189693 0.127204150 -9.296442986
0.148810357 0.156027511 -0.976478815 -73.291320801 0.232402384 0.954296947 0.187900066 -2.810060501 0.961168349 -0.254897505 0.105748117 -9.338211060
0.129273728 0.145200804 -0.980920374 -73.742637634 0.210465789 0.962665200 0.170235455 -2.652815819 0.969016254 -0.228457212 0.093887486 -9.425373077
0.145853475 0.127882227 -0.981006086 -74.087135315 0.214376196 0.963963687 0.157533526 -2.593161583 0.965799987 -0.233281165 0.113182545 -9.454189301
0.168504834 0.127476916 -0.977423012 -74.173347473 0.222477436 0.961095989 0.163701966 -2.468018532 0.960265458 -0.245039120 0.133588567 -9.543930054
0.176670179 0.130638376 -0.975562036 -74.584968567 0.203553304 0.964876533 0.166070148 -2.421427727 0.962992013 -0.227918535 0.143873051 -9.515842438
0.183703572 0.167878330 -0.968540013 -74.944961548 0.242854163 0.947013140 0.210209355 -2.477160454 0.952509761 -0.273830265 0.133199722 -9.474746704
0.178661808 0.155196771 -0.971593440 -75.202095032 0.247938633 0.948513091 0.197102368 -2.458687782 0.952158809 -0.276110232 0.130983770 -9.521636963
0.153050512 0.145278111 -0.977481365 -75.572242737 0.226419538 0.957667232 0.177785188 -2.354020119 0.961930215 -0.248530984 0.113677673 -9.577731133
0.148524016 0.143766776 -0.978402734 -75.928497314 0.212265104 0.961680830 0.173532084 -2.201881409 0.965859234 -0.233454406 0.112316065 -9.620223045
0.167297021 0.163662031 -0.972227514 -76.284729004 0.194725662 0.961214662 0.195315748 -2.227504730 0.966485143 -0.221993387 0.128939152 -9.672956467
0.170547530 0.166140467 -0.971241951 -76.584403992 0.205416128 0.958031178 0.199951172 -2.150448799 0.963700056 -0.233609915 0.129261926 -9.705005646
0.172279820 0.158014476 -0.972291708 -76.890663147 0.204600245 0.959783614 0.192234695 -2.011761665 0.963565528 -0.232049286 0.133021533 -9.731869698
0.166636452 0.147208676 -0.974967599 -77.071945190 0.223218024 0.957489908 0.182720974 -2.011681557 0.960419655 -0.248078376 0.126693085 -9.671530724
0.162136555 0.170077324 -0.972000659 -77.244461060 0.238381758 0.949108005 0.205835357 -2.001158714 0.957541585 -0.265080720 0.113341786 -9.596522331
0.159867793 0.161365032 -0.973860264 -77.590438843 0.220820665 0.955702245 0.194606021 -1.892626762 0.962122917 -0.246159688 0.117153272 -9.644283295
0.186743662 0.183049381 -0.965204477 -77.829063416 0.194576889 0.956132710 0.218974859 -1.896198273 0.962946951 -0.228698656 0.142934576 -9.730623245
0.225743830 0.193265304 -0.954823792 -78.167465210 0.192956001 0.951835394 0.238280058 -1.858215332 0.954886198 -0.238029197 0.177579284 -9.740971565
0.252591074 0.183400080 -0.950032711 -78.279083252 0.163422629 0.959678888 0.228712410 -2.047367096 0.953672290 -0.213027552 0.212434605 -9.814241409
0.234079048 0.142760739 -0.961678922 -78.564064026 0.186134443 0.964281738 0.188453496 -1.554095268 0.954233170 -0.223114595 0.199145451 -9.362286568
0.215292647 0.131949767 -0.967594206 -78.486076355 0.196105152 0.964803874 0.175203294 -1.357678413 0.956656575 -0.227470204 0.181839198 -8.758833885
0.166047201 0.128337175 -0.977730989 -78.659271240 0.193777844 0.967917144 0.159958109 -1.289304733 0.966891050 -0.216023192 0.135851011 -7.995386124
0.140910700 0.118584812 -0.982894540 -78.768783569 0.172367036 0.974699080 0.142307073 -1.390780449 0.974901915 -0.189471230 0.116905399 -7.797546387
0.159841344 0.114685960 -0.980457842 -79.128326416 0.173664406 0.974470198 0.142297551 -1.272203445 0.971746564 -0.193015710 0.135843754 -7.845129013
0.179052830 0.134071201 -0.974661410 -79.488861084 0.189480454 0.967425346 0.167884856 -1.218135834 0.965420783 -0.214739546 0.147816330 -7.825585365
0.178743616 0.126901627 -0.975677550 -79.888259888 0.183753625 0.969893932 0.159812972 -1.046821594 0.966584384 -0.207849875 0.150043726 -7.872753143
0.179535702 0.140495896 -0.973667085 -80.210113525 0.195589006 0.964892089 0.175294623 -0.975094795 0.964111984 -0.221910268 0.145753101 -7.890917778
0.167677045 0.153209254 -0.973864138 -80.478942871 0.219261706 0.957311749 0.188357055 -0.974926949 0.961149693 -0.245114267 0.126926258 -7.895546913
0.140163377 0.133983776 -0.981021166 -80.931350708 0.214684814 0.963118672 0.162211820 -0.879296303 0.966573656 -0.233346492 0.106229700 -7.981806755
0.124569342 0.126356453 -0.984132290 -81.143402100 0.187912732 0.970903277 0.148443520 -0.798229218 0.974254191 -0.203422502 0.097200811 -8.029249191
0.136076361 0.130875051 -0.982015729 -81.357971191 0.178957447 0.971682549 0.154295757 -0.779327393 0.974401057 -0.196735054 0.108801968 -8.023629189
0.129736289 0.126400009 -0.983458936 -81.643737793 0.197589517 0.968653321 0.150562823 -0.734121323 0.971661925 -0.213854581 0.100694180 -7.966039658
0.108924523 0.106802247 -0.988295853 -82.045227051 0.211356640 0.968990028 0.128010482 -0.578855515 0.971320570 -0.222826362 0.082973421 -7.965639591
0.081201643 0.100576296 -0.991610169 -81.729515076 0.244024038 0.962610185 0.117617711 -0.365036964 0.966363549 -0.251527458 0.053622492 -8.158553123
0.050263584 0.090036981 -0.994669199 -81.941467285 0.237484306 0.966285288 0.099468455 -0.322015762 0.970090091 -0.241218001 0.027186591 -8.193986893
0.041387167 0.067403018 -0.996867061 -82.296218872 0.236053750 0.968817472 0.075306766 -0.246154308 0.970858157 -0.238430902 0.024185879 -8.236026764
0.047253251 0.056800291 -0.997266710 -83.245925903 0.238335595 0.968904972 0.066477917 0.245514870 0.970032632 -0.240825415 0.032246381 -8.191245079
0.067728586 0.048961710 -0.996501625 -83.625991821 0.235578716 0.969768107 0.063659608 0.880017757 0.969492495 -0.239066154 0.054146670 -8.247708321
0.082795583 0.040322740 -0.995750368 -83.928207397 0.236082211 0.969945908 0.058907773 0.975294113 0.968199372 -0.239956304 0.070787728 -8.242945671
0.078915797 0.058332827 -0.995173275 -84.272026062 0.238105521 0.968289495 0.075638458 1.053233147 0.968027890 -0.242925316 0.062523961 -8.230880737
0.087815866 0.085748434 -0.992439270 -84.793540955 0.236396864 0.966033340 0.104384467 1.063628674 0.967680156 -0.243776143 0.064562388 -8.186618805
0.095213659 0.085661441 -0.991764307 -85.208839417 0.222784057 0.969185948 0.105099522 1.136538982 0.970206976 -0.230956197 0.073195726 -8.201595306
0.132400274 0.053941790 -0.989727437 -85.532638550 0.201324642 0.976240754 0.080138847 1.210882664 0.970535219 -0.209866911 0.118394732 -8.264746666
0.164251328 0.054276820 -0.984924138 -85.962898254 0.203612834 0.975116372 0.087691911 1.218830109 0.965175271 -0.214946702 0.149112672 -8.278340340
0.174884513 0.084310874 -0.980972528 -86.004837036 0.236036435 0.963683307 0.124904729 1.165093422 0.955877721 -0.253389120 0.148632854 -8.156176567
0.181968898 0.037678353 -0.982582152 -86.010780334 0.244524971 0.966141224 0.082332619 1.166657925 0.952415287 -0.255247921 0.166594356 -8.156155586
0.181270465 0.022194482 -0.983182788 -86.028709412 0.251993924 0.965319037 0.068251610 1.166007996 0.950599849 -0.260128051 0.169390947 -8.146052361
0.209730089 0.003880138 -0.977751613 -85.807937622 0.277276933 0.958703816 0.063281119 1.266121864 0.937619746 -0.284379929 0.199993163 -8.319711685
0.304790735 0.022252783 -0.952159286 -86.125198364 0.202490449 0.975357115 0.087613098 1.270193100 0.930645049 -0.219506830 0.292773873 -8.348340988
0.319069892 -0.025516201 -0.947387636 -86.463409424 0.180415809 0.982992589 0.034286954 1.263582468 0.930400193 -0.181863651 0.318246961 -8.447908401
0.347345054 -0.050955050 -0.936351955 -86.327430725 0.164028034 0.986429751 0.007166927 1.322808862 0.923280120 -0.156077355 0.350989521 -8.763284683
