1.000000000 0.000000000 0.000000000 0.000000000 0.000000000 1.000000000 0.000000000 0.000000000 0.000000000 0.000000000 1.000000000 0.000000000
0.999621153 -0.004971388 0.027070923 -0.048692957 0.005107491 0.999974668 -0.004960834 0.054580137 -0.027045574 0.005097219 0.999621212 0.377310932
0.997804463 0.012744282 0.064991154 -0.106952652 -0.014772411 0.999415755 0.030821752 0.059971184 -0.064560384 -0.031714156 0.997409701 0.883583665
0.997361422 0.005868552 0.072358370 -0.143398345 -0.006339645 0.999960184 0.006282602 0.107788704 -0.072318621 -0.006724752 0.997358918 1.272849083
0.998396516 0.003540343 0.056495830 -0.181903034 -0.002572022 0.999848723 -0.017203208 0.214370981 -0.056548182 0.017030315 0.998254597 1.739210963
0.999374688 -0.028698359 0.020653583 -0.224304020 0.028272172 0.999387145 0.020639230 0.232102230 -0.021233236 -0.020042406 0.999573648 2.272398710
0.999897242 -0.011252614 -0.008886602 -0.271663725 0.011343326 0.999883413 0.010224391 0.238802105 0.008770516 -0.010324142 0.999908328 2.533082485
0.999608755 -0.000636400 -0.027960839 -0.345528901 0.000560640 0.999996126 -0.002717254 0.333455861 0.027962457 0.002700515 0.999605298 2.935301304
0.999848902 0.007375036 -0.015743073 -0.412492216 -0.007314361 0.999965608 0.003908186 0.368539006 0.015771355 -0.003792446 0.999868512 3.427467823
0.999983370 0.003032362 0.004904594 -0.454028904 -0.003189754 0.999469578 0.032408021 0.383225471 -0.004803723 -0.032423131 0.999462724 3.786659718
0.999701381 0.017589645 0.016969828 -0.489976972 -0.017594736 0.999845147 0.000150877 0.491755188 -0.016964547 -0.000449411 0.999855936 4.303327560
0.999917090 0.008884699 0.009319669 -0.532019675 -0.008818815 0.999935985 -0.007086618 0.532202899 -0.009382035 0.007003841 0.999931455 4.681512833
0.999968648 -0.007261015 -0.003155708 -0.605878294 0.007359609 0.999446452 0.032443501 0.548459649 0.002918388 -0.032465711 0.999468565 5.208894253
0.999967813 0.001724038 -0.007831007 -0.670713842 -0.001698945 0.999993324 0.003209628 0.602918446 0.007836490 -0.003196223 0.999964178 5.557519913
0.999662399 0.004184985 0.025643207 -0.728680730 -0.003953617 0.999951065 -0.009066666 0.676116586 -0.025679894 0.008962223 0.999629974 5.956317425
0.997803271 0.009681971 0.065535113 -0.804721415 -0.011106002 0.999709249 0.021399964 0.681661487 -0.065308869 -0.022080787 0.997620761 6.428044796
0.994933188 -0.009117740 0.100124590 -0.848499298 0.008912714 0.999957085 0.002494845 0.744976759 -0.100143030 -0.001589823 0.994971871 6.892746925
0.994755685 -0.010442580 0.101744436 -0.871419072 0.011457535 0.999890208 -0.009396241 0.829764664 -0.101635128 0.010512704 0.994766176 7.284845829
0.995580673 -0.036112521 0.086688757 -0.906593740 0.034648515 0.999231339 0.018334180 0.849933743 -0.087284207 -0.015249517 0.996066689 7.787323475
0.998194814 -0.009496625 0.059303202 -0.958700299 0.009430677 0.999954581 0.001391836 0.862891078 -0.059313726 -0.000830054 0.998239040 8.149315834
0.998982549 0.016168740 0.042100064 -1.034599304 -0.015644845 0.999796391 -0.012743976 0.964557469 -0.042297553 0.012072360 0.999032080 8.636670113
0.998302579 0.010008954 0.057372998 -1.075870752 -0.008322044 0.999528110 -0.029566463 0.969395280 -0.057641853 0.029038817 0.997914910 9.009631157
0.996874094 -0.013727113 0.077805139 -1.109628320 0.013449113 0.999901116 0.004095934 0.991956711 -0.077853672 -0.003036720 0.996960163 9.474478722
0.996077240 0.009846339 0.087938473 -1.134307623 -0.009089395 0.999918163 -0.009003945 1.072371960 -0.088019930 0.008169316 0.996085167 9.815564156
0.995581031 -0.030781813 0.088717669 -1.131377697 0.029559733 0.999449611 0.015056295 1.157258511 -0.089132302 -0.012367294 0.995942950 10.351803780
0.996037424 -0.034279533 0.082064092 -1.154740334 0.034197144 0.999412239 0.002409701 1.130410671 -0.082098469 0.000406205 0.996624112 10.703369141
0.998198926 -0.007031649 0.059576541 -1.217761040 0.007794264 0.999890506 -0.012577887 1.199834943 -0.059481572 0.013019589 0.998144448 11.186668396
0.998308957 0.007983965 0.057580628 -1.262676001 -0.007214322 0.999881983 -0.013561914 1.254520059 -0.057682116 0.013123580 0.998248696 11.536646843
0.996785998 0.020651517 0.077402189 -1.332273960 -0.020840257 0.999781489 0.001631355 1.242370605 -0.077351585 -0.003239194 0.996998608 12.031765938
0.996898890 0.008672464 0.078214377 -1.363950610 -0.009245856 0.999932945 0.006971940 1.265521884 -0.078148670 -0.007673476 0.996912181 12.358452797
0.996775270 0.009268931 0.079706818 -1.376239061 -0.009182803 0.999956727 -0.001447059 1.380884647 -0.079716787 0.000710463 0.996817291 12.720970154
0.997399211 -0.008153321 0.071613096 -1.386426449 0.008941273 0.999902904 -0.010689203 1.394510269 -0.071519010 0.011301713 0.997375190 13.139029503
0.997600198 -0.015681045 0.067439429 -1.393908501 0.014620811 0.999762058 0.016186267 1.382003188 -0.067677215 -0.015161403 0.997592092 13.579118729
0.997781515 -0.004090374 0.066446811 -1.428471684 0.003897264 0.999987841 0.003035600 1.483468771 -0.066458412 -0.002769905 0.997785389 14.091276169
0.995130301 0.016203018 0.097228065 -1.498206258 -0.018231630 0.999633491 0.020012436 1.541484833 -0.096868172 -0.021687604 0.995060861 14.579159737
0.990702689 0.007943710 0.135812774 -1.534325004 -0.012431977 0.999403119 0.032231305 1.527033448 -0.135475695 -0.033620063 0.990210056 14.942973137
0.984617829 0.052284993 0.166715294 -1.520769835 -0.055061486 0.998410046 0.012072481 1.720487356 -0.165819019 -0.021066375 0.985931098 15.719428062
0.988874197 0.028831298 0.145933762 -0.639884949 -0.028343029 0.999583423 -0.005424395 0.943027794 -0.146029353 0.001227841 0.989279449 16.331115723
0.992425263 -0.016588241 0.121724568 -0.495126247 0.014874279 0.999777198 0.014975897 1.484534144 -0.121945865 -0.013051892 0.992450953 16.735742569
0.995317936 -0.009182697 0.096217155 -1.269715905 0.008892818 0.999954522 0.003441129 1.949559808 -0.096244380 -0.002569376 0.995354414 16.900657654
0.996528327 0.012274416 0.082344726 -1.773371935 -0.010903146 0.999794722 -0.017081868 1.814455271 -0.082537480 0.016124748 0.996457517 17.247228622
0.994401157 0.004951132 0.105554439 -2.312140465 -0.003613219 0.999910712 -0.012862581 1.673050404 -0.105608702 0.012409173 0.994330287 17.332754135
0.992507339 -0.011968446 0.121596858 -2.320570707 0.010973671 0.999900639 0.008847327 1.732426643 -0.121690661 -0.007446676 0.992540121 17.695062637
0.992855251 -0.001307279 0.119317375 -2.045219421 0.001326040 0.999999046 -0.000077841 1.985141158 -0.119317189 0.000235504 0.992856085 18.427560806
0.992954314 -0.016452165 0.117350191 -2.052028179 0.014734008 0.999771357 0.015493855 2.052551031 -0.117578298 -0.013655650 0.992969692 18.847349167
0.993970931 -0.038471617 0.102673016 -2.096564054 0.035330582 0.998855531 0.032238483 2.044462681 -0.103795767 -0.028416619 0.994192600 19.216398239
0.996893466 -0.020662125 0.076002464 -2.159526825 0.020233421 0.999774694 0.006406453 2.061649561 -0.076117717 -0.004848761 0.997087061 19.541595459
0.998070896 0.007469939 0.061633162 -2.231206894 -0.007134570 0.999958575 -0.005659748 2.219234705 -0.061672878 0.005209105 0.998082817 19.987455368
0.996986330 0.010550228 0.076858222 -2.270400047 -0.010770100 0.999939024 0.002446781 2.145978451 -0.076827712 -0.003267178 0.997039020 20.330112457
0.997604191 -0.007138255 0.068810970 -2.264866352 0.007133414 0.999974489 0.000316090 2.166697979 -0.068811469 0.000175524 0.997629702 20.826547623
0.998742163 -0.017131308 0.047125097 -2.291140079 0.018022230 0.999665618 -0.018546002 2.307566166 -0.046791606 0.019371971 0.998716831 21.355424881
0.998898327 -0.045941096 0.009563793 -1.751468658 0.046102550 0.998785019 -0.017407987 2.009935379 -0.008752434 0.017829724 0.999802649 19.929389954
0.998509049 -0.043485664 -0.032995440 -0.936201513 0.042648751 0.998760521 -0.025658578 1.587723613 0.034070328 0.024213105 0.999126077 18.525123596
0.998583257 -0.041891992 -0.032811716 -1.704325914 0.040013034 0.997630537 -0.055967256 2.013705730 0.035078544 0.054575063 0.997893214 20.233436584
0.997614682 -0.068304233 -0.009982829 -1.655422807 0.067833751 0.996827662 -0.041633308 1.943395376 0.012794891 0.040856823 0.999083042 20.220035553
0.997523367 -0.068359181 0.016561365 -1.609676480 0.068437532 0.997646570 -0.004210493 1.972018719 -0.016234562 0.005333484 0.999853909 20.594501495
0.997880995 -0.051053397 0.040334810 -1.767779350 0.051457815 0.998634100 -0.009052330 2.101732254 -0.039817553 0.011108689 0.999145210 21.055690765
0.998168826 -0.049926858 0.034149140 -1.711647511 0.049614802 0.998719037 0.009925873 2.105603218 -0.034600966 -0.008213399 0.999367476 21.327249527
0.997633457 -0.052373894 0.044547759 -1.717005014 0.050845768 0.998101056 0.034771606 2.105711699 -0.046284284 -0.032424249 0.998401940 21.824304581
0.997784019 -0.039364826 0.053642541 -1.760596275 0.037767585 0.998821855 0.030471258 2.212618351 -0.054778840 -0.028377777 0.998095155 22.179317474
0.995724320 -0.020020500 0.090179697 -1.788966298 0.019836398 0.999798954 0.002937410 2.216235876 -0.090220369 -0.001136009 0.995921135 22.310440063
0.991988063 -0.025146337 0.123804405 -1.814309597 0.024835890 0.999683321 0.004050495 2.230271816 -0.123867065 -0.000943251 0.992298305 22.763565063
0.987330496 -0.066797405 0.143932536 -1.816551685 0.064617492 0.997714221 0.019772373 2.290819645 -0.144924283 -0.010221303 0.989389896 22.927425385
0.988437712 -0.040865771 0.146016389 -1.838594198 0.040865120 0.999160171 0.003005339 2.381406069 -0.146016538 0.002996388 0.989277601 23.342903137
0.987936378 -0.041702863 0.149139419 -1.860041618 0.044107731 0.998944044 -0.012852413 2.433564901 -0.148445934 0.019275567 0.988732636 23.839065552
0.978980601 -0.062755898 0.194058537 -1.831369877 0.061880503 0.998027563 0.010575735 2.425843477 -0.194339454 0.001655001 0.980932951 24.098396301
0.965399146 -0.047789242 0.256360561 -1.822941780 0.040751886 0.998634160 0.032696672 2.408613443 -0.257572949 -0.021118160 0.966028035 24.278335571
0.966275454 -0.003127069 0.257491976 -1.475633621 0.009142022 0.999712586 -0.022165872 2.712405682 -0.257348597 0.023772333 0.966026247 23.153446198
0.962640643 -0.010408625 0.270582378 -1.913406849 0.017048690 0.999608099 -0.022201024 2.410064697 -0.270245254 0.025984690 0.962440848 24.561906815
0.964924932 -0.040755589 0.259343237 -2.091714859 0.041079789 0.999147177 0.004171759 2.303308249 -0.259292066 0.006628331 0.965776205 25.305150986
0.974818110 -0.042833395 0.218849197 -1.792485237 0.052279871 0.997926056 -0.037554607 2.391666412 -0.216786727 0.048050318 0.975035727 24.385328293
0.982778251 -0.067588866 0.171984091 -1.872049809 0.073877752 0.996803105 -0.030425312 2.389481068 -0.169377878 0.042607144 0.984629750 24.494245529
0.982676148 -0.142943814 0.117959872 -1.971189737 0.143477574 0.989645481 0.003998687 2.303249359 -0.117310047 0.012995183 0.993010283 24.655372620
0.975221157 -0.214904442 0.052535955 -2.146760702 0.212463379 0.975970566 0.048379961 1.869723678 -0.061670631 -0.036019195 0.997446358 24.625875473
0.981520474 -0.188862935 0.030795338 -2.288506746 0.187874153 0.981659532 0.032368325 1.950081825 -0.036343716 -0.025984524 0.999001443 25.002532959
0.980109215 -0.195141330 0.036134921 -2.409750938 0.193880394 0.980377257 0.035648510 1.945624709 -0.042382352 -0.027933573 0.998710871 25.422559738
0.979229808 -0.197326303 0.046596073 -2.611342907 0.195453078 0.979819179 0.041862272 1.967422247 -0.053916261 -0.031885441 0.998036206 25.832998276
0.977438569 -0.204665273 0.052211083 -2.707810640 0.203564212 0.978725314 0.025657333 2.076761961 -0.056351475 -0.014450159 0.998306394 26.417436600
0.974968970 -0.219890684 0.032917242 -2.806380510 0.218563914 0.975017846 0.039623879 2.088532686 -0.040807821 -0.031437535 0.998672307 26.981985092
0.978458941 -0.204941303 0.024841536 -2.896782160 0.203741431 0.978043079 0.043831058 2.072730303 -0.033278886 -0.037825644 0.998730063 27.372301102
0.981334627 -0.190393031 0.027068224 -3.022607803 0.189311668 0.981177688 0.038098373 2.141062260 -0.033812400 -0.032262929 0.998907268 27.546079636
0.977093279 -0.199354753 0.074474320 -3.082664728 0.199658290 0.979859650 0.003422838 2.187723398 -0.073656738 0.011524983 0.997217119 28.004943848
0.974572122 -0.183158636 0.129081011 -3.158127785 0.171945006 0.980676055 0.093324527 2.132662773 -0.143679857 -0.068756655 0.987232864 28.126092911
0.970995069 -0.168407336 0.169727623 -3.033899307 0.162110433 0.985484600 0.050400835 2.088822842 -0.175751820 -0.021424346 0.984201372 27.773218155
0.962091327 -0.203717336 0.181327417 -3.171331406 0.192922115 0.978305578 0.075493827 2.158581257 -0.192773014 -0.037649892 0.980520844 28.295284271
0.958718777 -0.225396067 0.173363701 -3.232886791 0.209965631 0.972272992 0.102954313 2.123289108 -0.191762298 -0.062303819 0.979461908 28.691267014
0.962778747 -0.218872771 0.158593252 -3.199018478 0.206960246 0.974356830 0.088296488 2.004307508 -0.173852071 -0.052187473 0.983388007 28.746791840
0.972578704 -0.172900707 0.155550212 -3.363680840 0.164982274 0.984311044 0.062551156 2.032870531 -0.163924888 -0.035172909 0.985845625 28.999387741
0.969808400 -0.176923171 0.167838767 -3.354149818 0.166026473 0.983111501 0.076986775 2.004263878 -0.178624943 -0.046796750 0.982803762 29.311779022
0.968763709 -0.179556370 0.171044961 -3.397446632 0.163453951 0.981044173 0.104092307 2.006542206 -0.186493069 -0.072882876 0.979749262 29.667737961
0.972697496 -0.145742118 0.180607453 -3.489748478 0.129578814 0.986681104 0.098334990 1.786162972 -0.192533538 -0.072247289 0.978627205 30.033559799
0.979741931 -0.119508371 0.160697058 -3.259338856 0.105070293 0.989863575 0.095553607 1.907461643 -0.170487627 -0.076733373 0.982367575 29.126548767
0.980555534 -0.120475225 0.154908091 -3.246398926 0.103240289 0.987999380 0.114885069 1.673276544 -0.166889906 -0.096658431 0.981226206 27.909997940
0.988350034 -0.089746542 0.122921549 -3.270654678 0.081443928 0.994146645 0.070989192 1.692684293 -0.128573090 -0.060150947 0.989874065 28.125648499
0.987570882 -0.072504193 0.139451787 -3.234534025 0.064272560 0.995963395 0.062658206 1.665399551 -0.143431842 -0.052916516 0.988244414 28.095071793
0.982346594 -0.120399714 0.143175021 -2.961898565 0.109595202 0.990660369 0.081122786 1.767967343 -0.151604950 -0.063999400 0.986367106 27.464918137
0.978942573 -0.146148086 0.142521366 -2.605956316 0.137332246 0.988055527 0.069898732 1.838857412 -0.151034608 -0.048854057 0.987320602 26.585487366
0.979376376 -0.161001697 0.122066848 -2.316731691 0.154495046 0.986103833 0.061077915 1.733391523 -0.130204231 -0.040959537 0.990640759 25.835487366
0.980295241 -0.179574475 0.082304537 -2.353941917 0.173648864 0.982000887 0.074298725 1.773233891 -0.094165266 -0.058542602 0.993833780 26.349180222
0.984804571 -0.164061457 0.056954734 -2.377709389 0.159648776 0.984326482 0.074923396 1.713766813 -0.068354085 -0.064692147 0.995561481 26.569217682
0.985606372 -0.160054907 0.054429334 -2.497109652 0.157445699 0.986297309 0.049279273 1.801276207 -0.061570898 -0.040000305 0.997300804 27.021167755
0.986141562 -0.159234941 0.046573490 -2.525391102 0.156746551 0.986218393 0.052951563 1.801559210 -0.054363366 -0.044917502 0.997510374 27.380247116
0.986571610 -0.157277912 0.044046544 -2.576642036 0.152838513 0.984091282 0.090579048 1.784908056 -0.057591904 -0.082630709 0.994914711 27.724008560
0.989432454 -0.140174121 0.037078798 -2.597490549 0.134924129 0.983736813 0.118563317 1.696617603 -0.053095300 -0.112307549 0.992253959 27.750629425
0.990647495 -0.131705433 0.035652101 -2.745203972 0.126579612 0.984641790 0.120242484 1.689075112 -0.050941136 -0.114605092 0.992104173 27.507961273
0.986459672 -0.163968369 0.003421728 -2.618815184 0.162355915 0.979284108 0.121009447 1.719355226 -0.023192566 -0.118815385 0.992645442 27.916412354
0.984294415 -0.174985588 -0.023335051 -2.612198830 0.176161468 0.982185304 0.065415621 1.709148526 0.011472560 -0.068498977 0.997585297 27.821371078
0.985028148 -0.169512346 -0.031385690 -2.776219130 0.170338616 0.985046983 0.025830699 1.649825573 0.026537756 -0.030790158 0.999173641 28.305908203
0.981634498 -0.188444972 -0.029698640 -2.769025564 0.189338431 0.981427193 0.030848496 0.459732324 0.023333812 -0.035905045 0.999082685 26.884977341
0.982195556 -0.186750114 -0.020400506 -2.933099747 0.187430888 0.981496096 0.039180472 -0.406173110 0.012706056 -0.042306576 0.999023855 27.398180008
0.981180668 -0.190968171 -0.028559517 -2.931692123 0.192388028 0.979469299 0.060222935 -0.732588530 0.016472504 -0.064584091 0.997776270 28.192125320
0.979385436 -0.196498156 -0.046825059 -2.862149239 0.200294912 0.974723339 0.098976091 -0.969177723 0.026192861 -0.106314570 0.993987441 29.110853195
0.976360142 -0.199875563 -0.082284108 -2.942986965 0.207712248 0.972927928 0.101325512 -0.346068144 0.059804026 -0.116021626 0.991444647 28.916168213
0.974748611 -0.205237985 -0.087991655 -2.971802950 0.213044956 0.972790718 0.091050431 -0.270644903 0.066910446 -0.107497454 0.991951287 29.317377090
0.978073835 -0.192087740 -0.080460250 -3.112528801 0.199186519 0.975619018 0.092153609 -0.164208889 0.060796976 -0.106159627 0.992488742 29.830278397
0.978221953 -0.197487652 -0.063879117 -3.186724663 0.202954978 0.974566102 0.095026985 -0.176347494 0.043487772 -0.105922073 0.993423045 30.222019196
0.976657331 -0.211535022 -0.037326157 -3.282649040 0.212797433 0.976509035 0.033873085 -0.073257446 0.029283985 -0.041025303 0.998728871 30.844446182
0.975662827 -0.212654933 -0.053477861 -3.377892017 0.214281425 0.976406574 0.026717484 0.018558741 0.046534531 -0.037526567 0.998211443 31.255838394
0.975268424 -0.210862800 -0.066244349 -3.452821493 0.214757994 0.974915624 0.058469001 0.032230616 0.052253708 -0.071249470 0.996088862 31.656475067
0.975195467 -0.208458409 -0.074421868 -3.531677723 0.213334098 0.974818170 0.064945988 0.133718848 0.059009250 -0.079211757 0.995109737 32.201576233
0.983397007 -0.172518522 -0.056280993 -3.653615475 0.175326496 0.983267009 0.049462236 0.266779065 0.046806097 -0.058508560 0.997189045 32.748821259
0.984438002 -0.172429368 -0.033909857 -3.737466335 0.174433544 0.982213497 0.069494948 0.325526595 0.021323752 -0.074328497 0.997005761 33.093246460
0.984266162 -0.174673095 -0.026635338 -3.778208971 0.176566780 0.978006780 0.111026809 0.368569374 0.006656146 -0.113982834 0.993460417 33.566272736
0.984645844 -0.170692176 -0.036562476 -3.868757725 0.173080400 0.981872559 0.077263489 0.525532007 0.022711415 -0.082405433 0.996339977 34.107711792
0.979847550 -0.189208567 -0.064022258 -3.954854012 0.193524033 0.978617966 0.069681242 0.606031775 0.049469039 -0.080666855 0.995512784 34.652744293
0.978170872 -0.187113494 -0.090389766 -4.008814335 0.195368648 0.976288497 0.093231618 0.626641989 0.070801586 -0.108855791 0.991532922 35.066013336
0.983283460 -0.151874021 -0.100438178 -4.128407478 0.161263198 0.982511580 0.093086831 0.588741541 0.084544197 -0.107727721 0.990579069 35.562747955
0.983071029 -0.155267447 -0.097279951 -4.013262272 0.165928587 0.979612410 0.113257147 0.315623760 0.077711500 -0.127481326 0.988791883 35.430915833
0.981626689 -0.172609732 -0.081331968 -4.093476295 0.182005271 0.975001752 0.127458081 0.322867870 0.057298318 -0.139919102 0.988503635 35.797725677
0.984918654 -0.160336122 -0.065021001 -4.231343746 0.167035758 0.979132593 0.115751572 0.369253397 0.045105025 -0.124866702 0.991147757 36.314506531
0.982250929 -0.178925902 -0.056290746 -4.352813721 0.183730230 0.978211224 0.096674167 0.529504061 0.037766732 -0.105300575 0.993722975 36.665977478
0.977287948 -0.201662689 -0.065118924 -4.487673759 0.207740471 0.972377896 0.106419407 0.584642172 0.041859373 -0.117530242 0.992186666 37.115631104
0.980254889 -0.182066068 -0.077151932 -4.591010094 0.189873472 0.975608826 0.110160865 0.632882595 0.055213548 -0.122634821 0.990914822 37.462383270
0.982773602 -0.167041317 -0.079076588 -4.726040840 0.174797237 0.979074597 0.104205988 0.768112659 0.060015175 -0.116233274 0.991407096 37.812244415
0.984402120 -0.163655415 -0.064571708 -4.842954159 0.168688074 0.982234478 0.082216777 0.770554781 0.049969345 -0.091826826 0.994520485 38.061794281
0.983803391 -0.172170803 -0.049881279 -4.969518661 0.176230207 0.979892254 0.093563333 0.781703234 0.032769397 -0.100838527 0.994363010 38.462356567
0.982588291 -0.181980759 -0.037462994 -5.082906246 0.184152499 0.980655789 0.066348381 0.836255312 0.024664171 -0.072092064 0.997093022 38.759586334
0.979320347 -0.198938623 -0.036811590 -5.132078648 0.200845718 0.977870286 0.058571883 0.914262772 0.024344757 -0.064754076 0.997604191 39.035816193
0.972064614 -0.232095465 -0.034958508 -5.231117249 0.234309599 0.968301773 0.086548619 0.791815519 0.013762843 -0.092321962 0.995634079 39.065628052
0.976363182 -0.212187618 -0.041125696 -5.260331154 0.215057001 0.972730815 0.086862683 0.790873051 0.021573046 -0.093653910 0.995371044 39.182350159
0.979360104 -0.199145377 -0.034566786 -5.285195351 0.201251626 0.976635456 0.075372711 0.804804564 0.018749023 -0.080773652 0.996556163 39.293132782
0.979190350 -0.200470477 -0.031589411 -5.404788017 0.202408507 0.976003706 0.080295816 0.871789932 0.014734444 -0.085018843 0.996270418 39.873760223
0.980695546 -0.195161596 -0.012175327 -5.501057148 0.195522338 0.977839768 0.074836098 0.911195755 -0.002699612 -0.075771973 0.997121572 40.249340057
0.974983990 -0.221379340 -0.019934585 -5.548049927 0.222242445 0.972448707 0.070369124 0.949476838 0.003807092 -0.073039085 0.997321784 40.533969879
0.971339226 -0.236058906 -0.027861791 -5.638239861 0.237574518 0.967913806 0.081861094 0.977079630 0.007643770 -0.086134158 0.996254206 40.982501984
0.972426236 -0.225027293 -0.061235592 -5.677711487 0.230564356 0.967100859 0.107499160 1.040254116 0.035030752 -0.118653752 0.992317557 41.370170593
0.975636125 -0.214031383 -0.048215233 -5.736556053 0.217925310 0.970803261 0.100247845 1.073759079 0.025351325 -0.108312748 0.993793488 41.509593964
0.987396598 -0.158055529 -0.008159366 -5.716120720 0.158172965 0.983736515 0.085111566 1.051252365 -0.005425684 -0.085329473 0.996337891 41.746109009
0.992148101 -0.124204442 0.014678160 -5.813292980 0.122440800 0.988520622 0.088516392 1.257053852 -0.025503794 -0.086024165 0.995966554 41.307861328
0.990493953 -0.136731446 0.015045201 -5.814712524 0.134987578 0.987203181 0.084901452 1.255254030 -0.026461367 -0.082063459 0.996275723 41.317890167
0.985086203 -0.169902548 -0.027172901 -5.814124584 0.171981543 0.977092564 0.125349507 1.248765945 0.005253231 -0.128153294 0.991740465 41.158592224
0.983071446 -0.180165917 -0.033326264 -5.773171425 0.182942942 0.975239098 0.124259777 1.350736618 0.010113697 -0.128253073 0.991689920 41.192443848
0.985850513 -0.158860549 -0.053499460 -5.791233063 0.163750514 0.980926991 0.104728363 1.548444271 0.035841852 -0.112007074 0.993060827 40.136348724
0.984516323 -0.156301215 -0.079357810 -5.747478485 0.164050043 0.981067955 0.102923453 1.391620398 0.061768338 -0.114348456 0.991518617 39.836257935
0.984371543 -0.165479928 -0.060240556 -5.849907875 0.169941455 0.982319176 0.078542218 1.405410528 0.046178292 -0.087552086 0.995089054 41.763675690
0.980750144 -0.192425713 -0.033186849 -5.756429672 0.194537163 0.977547884 0.080965474 1.087181568 0.016861897 -0.085862979 0.996164262 41.105800629
0.974811614 -0.222869962 -0.008434448 -5.769222736 0.222931415 0.972564399 0.066482887 1.049951315 -0.006614001 -0.066688597 0.997751951 41.069725037
0.965446472 -0.259354264 -0.025465479 -5.979566574 0.260479629 0.963364482 0.063868962 0.949216962 0.007967852 -0.068295307 0.997633338 41.502735138
0.959845126 -0.274868816 -0.056075845 -6.114802361 0.278778344 0.956905723 0.081327036 0.873437405 0.031305026 -0.093694091 0.995108783 41.676925659
0.961018622 -0.264330417 -0.081071973 -6.237351418 0.270822257 0.958997190 0.083544239 1.093668461 0.055664498 -0.102243669 0.993200839 42.712196350
0.966048777 -0.247079700 -0.075507976 -6.407595634 0.252754599 0.964374483 0.078083083 1.247323513 0.053525217 -0.094517067 0.994083285 43.233909607
0.969887257 -0.237262622 -0.055001929 -6.509450912 0.241015404 0.967505693 0.076447383 1.241089582 0.035076570 -0.087401643 0.995555341 43.599864960
0.968318343 -0.244841769 -0.049113151 -6.542270660 0.248267561 0.965062141 0.083775148 1.238048792 0.026885588 -0.093314208 0.995273590 43.959926605
0.963582098 -0.263024330 -0.048246890 -6.632338524 0.266334772 0.960132062 0.084924452 1.389306545 0.023986187 -0.094681494 0.995218754 44.428585052
0.961111784 -0.267376691 -0.069093257 -6.716392517 0.272524863 0.958755851 0.080730431 1.447128296 0.044658139 -0.096420601 0.994338393 44.957565308
0.963075519 -0.256325006 -0.082358703 -6.789555550 0.263175249 0.960800409 0.087185606 1.445865631 0.056782417 -0.105641112 0.992781818 45.299430847
0.961606681 -0.255532116 -0.100079432 -6.880388260 0.262835711 0.962437570 0.068053834 1.557739496 0.078930251 -0.091745451 0.992649376 45.663215637
0.964332819 -0.249683708 -0.087865204 -7.004096985 0.255496502 0.964787483 0.062504001 1.620131254 0.069165006 -0.082723908 0.994169474 46.151256561
0.966898859 -0.243273214 -0.076972939 -7.085968018 0.249551862 0.964492738 0.086473309 1.641668797 0.053203195 -0.102819681 0.993276119 46.523986816
0.964965343 -0.252440900 -0.071522228 -7.156360626 0.257291853 0.963835895 0.069434203 1.699653149 0.051407661 -0.085403681 0.995019317 46.829540253
0.959915936 -0.270368040 -0.073909573 -7.203349113 0.274463534 0.960177839 0.052232452 1.769913554 0.056844354 -0.070424236 0.995896161 47.039340973
0.953464985 -0.285848886 -0.095889658 -7.330869675 0.291762263 0.954943001 0.054393329 1.881083488 0.076020882 -0.079839125 0.993904710 47.665279388
0.952172756 -0.276028186 -0.131055832 -7.441713333 0.284751147 0.957140028 0.052913845 1.945129395 0.110833079 -0.087701410 0.989961863 48.156513214
0.956167758 -0.264947504 -0.124684371 -7.696086407 0.271660507 0.961560667 0.040020309 2.093077183 0.109288320 -0.072137959 0.991389036 48.800148010
0.960886478 -0.259624153 -0.096397363 -7.817454338 0.265371025 0.962725103 0.052332129 2.137962818 0.079217471 -0.075866289 0.993966281 49.155475616
0.965492189 -0.247481450 -0.081103332 -7.826963902 0.254654497 0.962359190 0.094951056 2.109085798 0.054551918 -0.112327836 0.992172658 49.472152710
0.970539808 -0.230617270 -0.069771603 -7.968455791 0.236480430 0.967220306 0.092530057 2.080388784 0.046145476 -0.106303714 0.993262351 49.787944794
0.961970210 -0.262495726 -0.075559795 -8.037948608 0.268508732 0.959511220 0.085095033 2.302489281 0.050163385 -0.102147341 0.993503630 50.135696411
0.959075630 -0.272468805 -0.077036969 -8.056952477 0.278956264 0.955880046 0.092068397 2.329259157 0.048552349 -0.109790504 0.992768228 50.457401276
0.961008489 -0.267918140 -0.068427570 -8.214784622 0.272606671 0.959423721 0.072051004 2.424348354 0.046347272 -0.087895423 0.995050967 51.145992279
0.967535853 -0.248816431 -0.044325650 -8.312291145 0.251555830 0.965013027 0.073955640 2.490304708 0.024373449 -0.082705103 0.996276021 51.551513672
0.972400308 -0.232931361 -0.013435628 -8.385657310 0.232967943 0.966171920 0.110623315 2.519454718 -0.012786526 -0.110700227 0.993771613 52.037689209
0.975301266 -0.220667526 0.009657629 -8.453915596 0.218293324 0.969633222 0.110269070 2.635919809 -0.033697169 -0.105437368 0.993854880 52.449558258
0.966370225 -0.257108986 0.004842929 -8.508617401 0.255863935 0.963234067 0.081937470 2.769524097 -0.025731733 -0.077942826 0.996625662 52.920661926
0.962149680 -0.271576256 -0.022676120 -8.567614555 0.272516549 0.959290087 0.074142814 2.825837135 0.001617555 -0.077516101 0.996989787 53.297489166
0.956020534 -0.289256811 -0.048531026 -8.574606895 0.292752296 0.951187551 0.097663805 2.848161697 0.017912187 -0.107576147 0.994035542 53.588558197
0.961666048 -0.268428475 -0.056075875 -8.761936188 0.272484869 0.958365798 0.085363433 3.005609274 0.030827228 -0.097370952 0.994770646 54.202362061
0.964994192 -0.259171963 -0.040200178 -8.693683624 0.261633664 0.961953759 0.078694515 3.416620970 0.018275302 -0.086457476 0.996087909 55.370227814
0.968362927 -0.249330983 -0.010347459 -8.966047287 0.248862848 0.961817980 0.113901369 3.485730886 -0.018446771 -0.112872981 0.993438125 55.701282501
0.963262796 -0.268148035 -0.014882548 -8.834688187 0.268496096 0.960335076 0.075275049 3.506426334 -0.005892627 -0.076505564 0.997051716 56.092720032
0.957998633 -0.285389245 -0.028135598 -8.794879913 0.286719471 0.955091178 0.074784696 3.549640656 0.005529318 -0.079710655 0.996802688 56.492519379
0.954792678 -0.292096913 -0.055230416 -8.916157722 0.296417862 0.949550033 0.102425881 3.541872501 0.022525759 -0.114166759 0.993206203 56.807155609
0.953213930 -0.291640788 -0.079555131 -9.115439415 0.298984647 0.948387384 0.105685532 3.719655275 0.044626884 -0.124526665 0.991212189 57.145244598
0.952781558 -0.295002013 -0.071979396 -9.590024948 0.300768137 0.949438453 0.090028405 3.860572338 0.041781448 -0.107426509 0.993334711 56.913532257
0.952431798 -0.297758430 -0.064912491 -9.755086899 0.302559227 0.949384928 0.084416851 4.074010372 0.036491107 -0.100041181 0.994313955 57.454952240
0.953075409 -0.298354834 -0.051299885 -9.841839790 0.301428229 0.950959563 0.069404043 4.133841038 0.028077077 -0.081610523 0.996268690 57.790096283
0.951571226 -0.303462923 -0.049218770 -9.950775146 0.306181282 0.949892581 0.062905341 4.238576889 0.027663102 -0.074928790 0.996805251 58.194053650
0.949318409 -0.307933480 -0.063019544 -10.019458771 0.311833352 0.947845578 0.065944441 4.232149124 0.039426297 -0.082253888 0.995831251 58.494117737
0.950345874 -0.296958387 -0.093050919 -10.096232414 0.304224640 0.949487150 0.076952383 4.218206406 0.065498978 -0.101439774 0.992683113 58.897636414
0.950750768 -0.291210324 -0.106157959 -10.192685127 0.298233032 0.952767909 0.057361852 4.314046860 0.084439546 -0.086196631 0.992693305 59.239604950
0.957307577 -0.278153718 -0.078692824 -10.317478180 0.281756818 0.958695948 0.038924225 4.326530457 0.064615577 -0.059434712 0.996138752 59.467952728
0.954391420 -0.277282596 -0.110685796 -10.352749825 0.286462218 0.954926729 0.077810407 4.345689774 0.084121354 -0.105968878 0.990804791 59.885017395
0.934467494 -0.320291489 -0.155511588 -10.159706116 0.335271776 0.938586891 0.081531860 4.779394627 0.119847208 -0.128327504 0.984463632 60.407707214
0.904614925 -0.352298439 -0.239911512 -9.875373840 0.371432364 0.927670062 0.038291562 5.491894722 0.209068656 -0.123750009 0.970039248 60.508716583
0.877580166 -0.357424974 -0.319531679 -9.693173409 0.381632745 0.924202859 0.014333554 5.872684002 0.290188909 -0.134522557 0.947467089 60.401996613
0.846122861 -0.365785450 -0.387656033 -9.507898331 0.381849945 0.923446953 -0.037898593 6.575803280 0.371842504 -0.115959555 0.921024621 60.222789764
0.841405928 -0.336794466 -0.422617435 -10.461162567 0.356804341 0.933574200 -0.033612996 4.946570396 0.405865401 -0.122509532 0.905684590 61.911502838
0.859197855 -0.265296042 -0.437489569 -11.090092659 0.290862381 0.956723213 -0.008929536 2.688701153 0.420925379 -0.119577013 0.899179101 61.876869202
0.817111790 -0.346942902 -0.460389942 -10.906322479 0.377878755 0.925468445 -0.026750296 4.851767063 0.435357243 -0.152113557 0.887313545 62.671722412
0.802472472 -0.352890462 -0.481151044 -10.919353485 0.341753840 0.932827473 -0.114180222 4.481909752 0.489124060 -0.072808750 0.869170070 61.767753601
0.788552761 -0.354492605 -0.502513349 -11.038656235 0.342481345 0.931838930 -0.119928092 4.164146900 0.510775149 -0.077531829 0.856211245 61.975761414
0.782764614 -0.330795467 -0.527118623 -11.010602951 0.334782958 0.937851548 -0.091404229 3.822025299 0.524595082 -0.104922377 0.844861686 62.385208130
0.772347808 -0.348357737 -0.531155288 -11.156433105 0.343680590 0.932410538 -0.111778006 3.901740074 0.534193397 -0.096216254 0.839869022 62.792045593
0.776881576 -0.345309764 -0.526513338 -11.432443619 0.335429579 0.934640408 -0.118043482 4.090607166 0.532862186 -0.084902331 0.841931999 63.111801147
0.784128308 -0.329182774 -0.526100338 -11.532131195 0.334272861 0.938277543 -0.088865206 4.103448391 0.522880912 -0.106179342 0.845766783 63.451839447
0.781504750 -0.348072827 -0.517779469 -11.562425613 0.356174797 0.930286467 -0.087788582 4.047174454 0.512239993 -0.115812816 0.850998104 63.475879669
0.785003364 -0.355888516 -0.507063270 -11.495460510 0.352665871 0.929666460 -0.106522843 4.086370468 0.509309947 -0.095203124 0.855300963 63.346916199
0.791145921 -0.338969290 -0.509105146 -11.495647430 0.332552612 0.936986566 -0.107074283 4.086208344 0.513319552 -0.084592886 0.854018152 63.354812622
0.808036327 -0.327793866 -0.489518583 -11.512485504 0.334570944 0.939246118 -0.076674603 4.079339027 0.484911859 -0.101822831 0.868615389 63.384338379
0.823850095 -0.337673724 -0.455244392 -11.683332443 0.338864118 0.937258124 -0.081965208 4.101057529 0.454358965 -0.086738922 0.886585653 64.073219299
0.836427271 -0.331270039 -0.436634332 -11.715388298 0.341757804 0.938056946 -0.057014864 4.104397774 0.428475231 -0.101534419 0.897830546 64.203826904
0.864492893 -0.352263004 -0.358556479 -11.736920357 0.356437266 0.932588935 -0.056836501 4.139180183 0.354407221 -0.078668147 0.931776166 64.559173584
0.858724833 -0.362591505 -0.362103701 -11.819668770 0.365125418 0.928748310 -0.064108603 4.499103069 0.359548479 -0.077161618 0.929930568 65.801277161
0.864750803 -0.370000064 -0.339567512 -11.932952881 0.363787949 0.927653849 -0.084360570 4.597000599 0.346214503 -0.050579704 0.936790884 66.320129395
0.851188123 -0.385697156 -0.355972677 -11.877212524 0.384865522 0.919810176 -0.076340586 4.574953556 0.356871575 -0.072021410 0.931372941 67.527183533
0.884632111 -0.356644690 -0.300384015 -12.372451782 0.358730882 0.932090044 -0.050202630 4.499693871 0.297889501 -0.063346192 0.952496231 67.862144470
0.905976772 -0.335946739 -0.257576793 -12.437521935 0.339242160 0.940122008 -0.032943409 4.574814796 0.253220856 -0.057534937 0.965696037 68.195869446
0.931424201 -0.312424362 -0.186655015 -12.577970505 0.316278964 0.948618174 -0.009544745 4.550221920 0.180046365 -0.050144847 0.982379079 68.366737366
0.931948483 -0.325300127 -0.160162538 -12.476564407 0.330886930 0.943629682 0.008782986 4.765484333 0.148277014 -0.061180979 0.987051606 69.024223328
0.932763159 -0.336369902 -0.129646048 -12.508195877 0.339929998 0.940433443 0.005713198 4.878107071 0.120001718 -0.049399648 0.991543829 69.355072021
0.934226036 -0.338603824 -0.112112314 -12.552770615 0.341486752 0.939860523 0.007005217 4.988392830 0.102997966 -0.044829316 0.993670881 69.788742065
0.939439118 -0.327922612 -0.099603593 -12.604705811 0.332250863 0.942712307 0.030046940 5.400187492 0.084044471 -0.061320651 0.994573414 70.370788574
0.944320202 -0.317600220 -0.085961670 -12.708241463 0.321484655 0.946247101 0.035553321 5.455823898 0.070049249 -0.061209075 0.995663881 70.559013367
0.951915860 -0.302701116 -0.047203328 -12.748313904 0.304204732 0.952175438 0.028658029 5.524887562 0.036271032 -0.041639507 0.998474181 70.834236145
0.956632674 -0.291227847 -0.006335487 -12.783250809 0.291015863 0.954529583 0.064676702 5.602526188 -0.012788249 -0.063715577 0.997886300 71.373207092
0.956268609 -0.290816069 0.031245783 -12.843386650 0.288384914 0.955287337 0.065271132 5.647180080 -0.048830599 -0.053405929 0.997378290 71.823905945
0.952605426 -0.301201999 0.042664371 -12.977445602 0.298969477 0.952862918 0.051666070 5.686401367 -0.056215227 -0.036462024 0.997752607 71.922630310
0.948612273 -0.313043863 0.046240866 -12.974048615 0.309984684 0.948650718 0.063018352 5.779966831 -0.063593924 -0.045446020 0.996940494 72.304679871
0.951718926 -0.303652465 0.045014042 -13.058984756 0.298902094 0.950085461 0.089416310 5.846715450 -0.069918670 -0.071644410 0.994976521 72.713951111
0.956317723 -0.286162853 0.059726425 -13.171557426 0.280521005 0.955812991 0.087917238 5.831833839 -0.082245946 -0.067322299 0.994335651 72.942420959
0.965243876 -0.247034475 0.085312888 -13.289638519 0.238844201 0.966322005 0.095787674 5.895891666 -0.106102586 -0.072081961 0.991739035 73.352371216
0.960017800 -0.266058415 0.087056138 -13.272850037 0.255494177 0.959834158 0.115935795 5.971952438 -0.114405155 -0.089058094 0.989434183 73.636802673
0.959133685 -0.268742770 0.088543281 -13.275430679 0.260305822 0.960720897 0.096209794 6.136361122 -0.110921077 -0.069229729 0.991415024 73.902664185
0.959929705 -0.270425260 0.073520102 -13.315340042 0.267565250 0.962417483 0.046492733 6.187072754 -0.083329841 -0.024958335 0.996209443 74.155715942
0.956086576 -0.289632887 0.044846248 -13.561170578 0.290848196 0.956484377 -0.023341028 6.833571434 -0.036134396 0.035359491 0.998721182 75.411056519
0.960372210 -0.278299779 0.015311833 -13.640729904 0.278716534 0.958610237 -0.058167212 6.903205872 0.001509845 0.060129836 0.998189390 76.070167542
0.961076319 -0.274352074 0.032607414 -13.709981918 0.275742263 0.959872007 -0.051106617 6.933364391 -0.017277740 0.058108598 0.998160779 76.388275146
0.961726129 -0.269216180 0.051044431 -13.723964691 0.271043956 0.962001681 -0.032982785 6.965056896 -0.040225331 0.045555685 0.998151541 76.729583740
0.962768197 -0.262208372 0.065757990 -13.792653084 0.264966935 0.963534474 -0.037332736 7.010982513 -0.053571135 0.053366464 0.997136950 77.144134521
0.961409986 -0.267948538 0.062406078 -13.866390228 0.270721525 0.961778283 -0.041138429 7.012672424 -0.048997823 0.056445561 0.997202575 77.465904236
0.955750942 -0.289617658 0.051592298 -13.983710289 0.290592730 0.956767023 -0.012359143 6.911197662 -0.045782376 0.026804609 0.998591900 77.787445068
0.955172956 -0.289916188 0.059942089 -14.035791397 0.290988445 0.956676185 -0.009815764 6.894693851 -0.054499418 0.026818207 0.998153627 78.150497437
0.957094848 -0.281911910 0.067045666 -14.142659187 0.283694327 0.958735406 -0.018547606 6.948557854 -0.059050258 0.036772296 0.997577488 78.480316162
0.953711212 -0.276864082 0.117392853 -14.271325111 0.278160065 0.960518837 0.005526846 7.012658119 -0.114288226 0.027382987 0.993070245 79.032150269
0.955570638 -0.258540988 0.141567200 -14.341652870 0.258257568 0.965854406 0.020693658 6.834477901 -0.142083466 0.016786557 0.989712358 79.165527344
0.954984128 -0.248439670 0.162120283 -14.499870300 0.255918473 0.966330469 -0.026666997 6.824570179 -0.150036603 0.066956133 0.986410677 79.552528381
0.952635944 -0.272627681 0.134754956 -14.536378860 0.277869225 0.960380852 -0.021385910 6.914367199 -0.123585686 0.057817250 0.990648150 79.962471008
0.947562635 -0.303872496 0.098927259 -14.640832901 0.305296630 0.952257037 0.000779033 6.878522396 -0.094440877 0.029463977 0.995094359 80.427124023
0.953707159 -0.290960699 0.076055691 -14.719757080 0.293042153 0.955938041 -0.017566234 6.951714516 -0.067593433 0.039040565 0.996948838 80.792655945
0.959812462 -0.270506710 0.074740335 -14.875080109 0.273060232 0.961640716 -0.026176313 6.914720058 -0.064792484 0.045532972 0.996859431 81.215873718
0.960673213 -0.253379822 0.113602281 -14.811271667 0.256414562 0.966483355 -0.012704099 6.838525772 -0.106575757 0.041333765 0.993445039 81.467544556
0.957252860 -0.258974552 0.128837451 -14.907094002 0.261504531 0.965198100 -0.002827000 6.941907406 -0.123621561 0.036397729 0.991661608 81.962882996
0.957310379 -0.253130078 0.139577448 -14.925527573 0.257293701 0.966254413 -0.012336221 6.994687557 -0.131744653 0.047721997 0.990134299 82.236717224
0.957496166 -0.260771364 0.123284951 -14.954012871 0.267293364 0.962808669 -0.039416019 7.027910233 -0.108421274 0.070693932 0.991588235 82.599380493
0.957789660 -0.265382707 0.110503592 -15.375195503 0.271515220 0.961406291 -0.044468567 6.519000053 -0.094437659 0.072594941 0.992880404 82.932037354
0.950843871 -0.297402918 0.086298548 -15.498989105 0.301516980 0.952659965 -0.039070152 6.179234505 -0.070593618 0.063170075 0.995502889 84.244651794
0.948949337 -0.303708941 0.085181318 -15.474899292 0.306948990 0.951324940 -0.027625075 5.919017792 -0.072645143 0.052361108 0.995982468 85.155448914
0.950084090 -0.293785036 0.105026111 -15.407329559 0.296698719 0.954883575 -0.012932559 5.975477695 -0.096488304 0.043448124 0.994385362 85.018371582
